,success,dim_0_above,dim_1_african_names,dim_2_african_names_2004,dim_3_aktiv,dim_4_alive,dim_5_altmodisch,dim_6_arts,dim_7_arts_2,dim_8_bad,dim_9_basic,dim_10_beautiful,dim_11_below,dim_12_big,dim_13_blue_collar,dim_14_blunt,dim_15_career,dim_16_cheap,dim_17_children,dim_18_closed,dim_19_community,dim_20_cool,dim_21_cruel,dim_22_culture,dim_23_dead,dim_24_descriptive,dim_25_design,dim_26_destructive,dim_27_innovative,dim_28_responsible,dim_29_TheRebel,dim_30_appetitlich,dim_31_electric,dim_32_emotionally_stable,dim_33_ernst,dim_34_european_names,dim_35_evaluating,dim_36_expensive,dim_37_extraverted,dim_38_extrovert,dim_39_extroverted,dim_40_family,dim_41_fascination,dim_42_female,dim_43_friendship,dim_44_functionality,dim_45_healthy_positive,dim_46_healthy_restrictive,dim_47_impractical,dim_48_inaktiv,dim_49_winner,dim_50_indulgent,dim_51_cold,dim_52_innovative_rachel,dim_53_inside,dim_54_introverted,dim_55_kind,dim_56_kompliziert,dim_57_lazy,dim_58_lifestyle,dim_59_lustig,dim_60_male,dim_61_math,dim_62_modern,dim_63_modern_2,dim_64_music,dim_65_musical_instrument,dim_66_nachhaltig,dim_67_natürlich,dim_68_neurotic,dim_69_new,dim_70_diligent,dim_71_outside,dim_72_performance,dim_73_pleasant,dim_74_bargain,dim_75_polite,dim_76_power,dim_77_practical,dim_78_protective,dim_79_sympathisch,dim_80_safety,dim_81_science,dim_82_see,dim_83_show,dim_84_small,dim_85_sustainable,dim_86_sustainable_2,dim_87_attractive,dim_88_teaching,dim_89_technical,dim_90_TheCarer,dim_91_TheCitizen,dim_92_TheCreator,dim_93_TheExplorer,dim_94_TheHero,dim_95_TheInnocent,dim_96_TheJester,dim_97_open,dim_98_traditional,dim_99_TheRuler,dim_100_TheSage,dim_101_TheWizard,dim_102_traditionell,dim_103_trendy,dim_104_trust,dim_105_trustworthy,dim_106_ugly,dim_107_unappetitlich,dim_108_unattractive,dim_109_uncool,dim_110_unkompliziert,dim_111_unnatürlich,dim_112_unpleasant,dim_113_unsustainable,dim_114_unsustainable_2,dim_115_unsympathisch,dim_116_untrustworthy,dim_117_unwirksam,dim_118_valuable,dim_119_TheLover,dim_120_warm,dim_121_weapon,dim_122_white_collar,dim_123_white_names_1998,dim_124_pleasant_2,dim_125_volkswagen
success,1.0,0.07563335240476032,-0.0481415217042899,-0.033789123804845916,0.03725235575382199,0.07305349165395314,0.008384239209983598,0.0028367220219543206,0.0028367220219543206,0.018092936075069004,0.011097592386478516,0.019779416056070875,0.07481303307226539,0.08404306208304384,0.004931585482388376,0.05590160435063502,0.04610158202995694,0.041520177322381176,-0.022267687632146076,0.06690759215743264,0.02470089218890966,0.0446493840367415,0.0538390428386428,0.02841970603967379,0.07673797964412252,0.08002937376065834,0.09427073712566728,0.08931388166241107,0.09505400145781873,0.04684106117317796,0.04712413547735729,0.016991169133882583,0.07268164632968874,0.08356231568938058,0.06768733275230114,-0.06759517478429836,0.06156383505164746,0.0895127551547566,0.049661906821104204,0.03918180007126425,0.035134809986959545,-0.01355379325200523,0.03548759536966196,-0.02617383633628181,-0.0238468443895593,,0.08792805018319944,0.09033943799056161,0.032409547914477366,0.031132354294646815,-0.008295196392920557,0.07941100220172197,0.09081159727026412,0.09505400145781873,0.0923602008922634,0.04291590713307859,0.06808426548124234,0.09433633549886056,0.05450469992703075,0.045279329501643296,-0.009630794890526043,-0.011360803327307378,0.07381346493633592,0.07958995869225743,0.07958995869225743,0.0196545307168291,-0.024515452147346045,0.08488566372901989,0.08076017141844703,0.03380144630908326,0.07600724598364701,0.02532373312913018,0.09788383861875204,-0.045063043462513205,0.006754810398741431,-0.005411026777067401,0.040473784355561114,0.11208494757351734,0.05677063483041495,0.0869006383967939,0.014091340849787365,,0.06497214944941254,0.0060098371762614036,-0.020288106727949753,0.08976986103937604,0.09016815823253153,0.09312203925991903,0.05549094183351011,0.04080145587907729,0.09338761121398272,0.027150537568490986,0.08163612243514781,0.07309601299612409,0.06688253605529543,0.04904815528207908,0.05700365922690579,0.02649342611679502,0.05286125848035611,0.09677005478544665,0.07903110844185633,0.05768509493809072,0.08453893766979378,0.052096094407366025,0.06384797901561332,-0.02694630246682349,0.06029950465339233,0.02352958908400496,0.05663534246866316,0.0754732758756715,0.08617351756478495,0.07852734433869529,0.10582007845048864,0.022935834043125988,0.07787016489582678,0.06808106164426235,0.03331892402234563,0.05963009472579674,0.07532401287777817,0.08430059139412213,0.029979653683134,0.07079328919611878,0.07504771137323209,-0.009975283685176205,-0.06944600154160449,0.01745534191134377,0.023686508592772788
dim_0_above,0.07563335240476032,1.0,-0.4146714784195025,-0.4076991661487322,0.2712473093041037,0.4909575848282815,-0.26246223651635225,0.09969849710513508,0.09969849710513508,0.6799583926607814,0.2525442982760551,0.3862469178131559,0.8356838056625837,0.6530235673937441,0.19750636341361946,0.6444988635398814,0.5768498718325957,0.6335235712499119,0.3567561193899469,0.779572082091899,0.323278753901498,0.47444887904460326,0.732506765981193,0.1743659613589574,0.6233627326417301,0.2588475358665739,0.3517473748285123,0.613173124421547,0.060921267490337744,0.6348215504603335,0.29801684727693895,0.3896789490394624,0.24508665626059414,0.6638522495740753,0.6818220861110307,-0.4445138695620915,0.44593681634197296,0.44491793218740144,0.5125651961899675,0.6028481007513214,0.5428984749533603,0.417183277753612,0.2418660894768317,0.3412656048376249,0.30695967055259393,,0.550270855854059,0.617509465648261,0.5905854072705238,0.5577475115531144,0.01971443453448468,0.49795832773774384,0.46995436361640486,0.060921267490337744,0.6847373014224095,0.6258298911044713,0.6327573416160679,0.6437168134761027,0.6527126520042775,0.4481335528817994,0.23905912745288865,0.4143082376631289,0.4889654373999243,0.42479324169650523,0.42479324169650523,-0.01875540738158176,-0.17317822888418427,0.7040589103267187,0.4833793962526112,0.5069250803490303,0.36158448711581753,0.4832895299903715,0.5755898007293694,-0.36789081654486594,0.43878035899298085,-0.15110858503887764,0.5481564973069745,0.5308480357170505,0.48814641358936844,0.5165650728237163,0.4846775055159752,,0.3010214788333882,0.4226040782783246,-0.10021240240446304,0.6383687338458243,0.5610038918691871,0.502885580549403,0.5617696287754971,0.4519784630834693,0.1715324526311451,0.5917538577049192,0.6877247298134241,0.39414884193975536,0.5066537899110057,0.4829050572699952,0.6100465888585832,0.5862411656170339,0.43029913908774176,0.27575111814904246,0.4340284324333516,0.4531394166049344,0.5182898863352982,0.38685570892295545,0.23252514007219452,-0.649467115638043,0.6171829534399558,0.5510047672860052,0.6390080570339318,0.6677911388301319,0.6716784026449316,0.6391568093744934,0.39972650568087115,0.6144265401741936,0.41812028006409735,0.3185947528651044,0.49164533590096043,0.740403010517284,0.776218848773236,0.6685893702027017,0.4360040332607521,0.5947934831451113,0.2800430246946691,0.29432198726244685,-0.24055970246787597,0.4692508116887689,-0.42721372536877456
dim_1_african_names,-0.0481415217042899,-0.4146714784195025,1.0,0.7914552532745446,-0.28509313129525093,-0.38082509796368064,0.3982698036709546,0.09918245579900639,0.09918245579900639,-0.07451149992289179,0.0322464840385952,-0.1643927920388193,-0.43279522405414345,-0.2757635508739006,-0.1792080470836408,-0.21081879518171912,-0.4136752465281345,-0.2633509670805293,-0.10508223851905459,-0.26573649544798006,-0.21166513563048403,-0.2635321577385313,-0.2756685669386398,-0.10426663894941213,-0.2592209427452686,-0.33700501595437127,-0.23307369996413263,-0.2855957147855221,-0.12329026043253073,-0.3524045211618011,0.25128406876629295,-0.29785728055270183,-0.40247050140011337,-0.3477329986951871,-0.25764009737291715,0.6810984057507393,-0.36426992385043533,-0.3392134754007551,-0.3739520043911432,-0.3327045911516999,-0.2719048132251627,0.008491675812137426,-0.027933313575761013,0.14191673618519962,0.015069313414761,,-0.3234266946244693,-0.2401887043651843,-0.19583121330970427,-0.3852139118248579,0.20858739023719972,-0.2772394703716551,-0.24147894897731126,-0.12329026043253073,-0.43390910125937276,-0.27106737416947396,-0.31562324520093626,-0.46146232577484936,-0.4140111588953046,-0.07962988222283983,0.006979274287080407,0.1653640737281943,-0.38395261713981693,-0.33799128222877445,-0.33799128222877445,0.40113419063383565,0.2592531730422435,-0.4382905242370478,-0.221499922437486,-0.19435832210338366,-0.08367170153624257,-0.39859228009298986,-0.3660646184453981,0.26976459260474034,-0.1205710773481592,-0.12204055094718842,-0.19798943547410802,-0.16213946245007874,-0.43660426126871854,-0.5175669975614489,-0.28852132951550513,,-0.20056648251921058,-0.11604413123328508,0.14513869639361426,-0.38637985650780915,-0.410487246578956,-0.3778077749395822,-0.3655341254369871,-0.23446727137192266,-0.2973488473580773,-0.2913459783083368,-0.25595609689533966,-0.08602872400489463,-0.18431897501743005,-0.146659040713451,-0.20942165065670115,-0.10093471950575168,-0.25530382381007766,-0.03789028220719091,-0.15096015623111156,-0.20959679908275727,-0.059663390016189366,0.11879981382089581,-0.062112469395967554,0.4169710029158025,-0.2857337086393207,-0.11115563158077248,-0.2712753467713654,-0.37318600726045736,-0.30130771678311724,-0.4119428989944658,-0.12317630196489895,0.02075360073447631,-0.22673831661467514,-0.30522439454294414,-0.18453387871529153,-0.28641107762766305,-0.33619434524121655,-0.46117473011608834,-0.0738995766191924,-0.26795429275932775,0.13101024969146416,-0.13185922664451522,0.24877773105969778,-0.21205469056904613,0.3970526831964882
dim_2_african_names_2004,-0.033789123804845916,-0.4076991661487322,0.7914552532745446,1.0,-0.2257782086426429,-0.38959281445048305,0.2837761161357193,0.23954714147776723,0.23954714147776723,-0.1399230527018066,-0.042000947218779665,-0.12076523618735578,-0.5064742051866561,-0.29420321894739826,-0.10805275331822202,-0.15896020151873744,-0.3573685794727441,-0.34842646870407246,-0.12025609394532634,-0.3914936714882112,-0.08369750417924243,-0.2991194673725118,-0.3034654818598124,0.037387683103446444,-0.31410407868249973,-0.2687557282842163,-0.30386985003735006,-0.37782123341383594,-0.22181216848506136,-0.3108988269590678,0.3328721290353933,-0.2386739676502885,-0.5083896096479475,-0.3790033756260524,-0.3302436880810345,0.8748239377224698,-0.39830420491884855,-0.36611933068532726,-0.3660587290407334,-0.2982046742951214,-0.25147657889680064,0.07540129006752248,0.09332743998602291,0.2060438749355324,0.11025134829073147,,-0.38230659435218206,-0.42625172114958076,-0.21045284765698474,-0.43310478970393573,0.3684418692363806,-0.29733979173897024,-0.3458590422922541,-0.22181216848506136,-0.4865137650944191,-0.23986337214957235,-0.31585228438668683,-0.41605827961250247,-0.4703467751703637,-0.03712585840696777,0.04346199077503306,0.22000717049368718,-0.34796070615920355,-0.29835797943711934,-0.29835797943711934,0.40119971497000645,0.284736816214131,-0.45977558020079823,-0.31944137353162594,-0.07493938654340752,-0.09637680319470297,-0.2579106077024734,-0.4820934239533303,0.44321773028148376,-0.0457115816947937,-0.20701964716991497,-0.12576915121759727,-0.2742292114087617,-0.46036704046852955,-0.568169512549707,-0.1960142487335387,,-0.19755159268612055,0.03383361688734553,0.3475941003756565,-0.5482607366106174,-0.46100391653163336,-0.4310302358949216,-0.31753683777042074,-0.1995823407068317,-0.39134030500030764,-0.2036975132348162,-0.30684197062592006,-0.04430219624386832,-0.1389103435925188,-0.01132637125454594,-0.20069947322592704,-0.08859841976054023,-0.20870505026088487,-0.13498803583193808,-0.07866740052765113,-0.10636925359951799,-0.021983790326611588,0.05947091306650227,-0.08571321383827092,0.371865674528102,-0.25841705580100566,-0.13680160212926049,-0.33211571783686034,-0.4229253828394218,-0.4412757363291535,-0.48868705585499495,-0.28848745178216695,-0.005893947809837886,-0.24775932230506667,-0.23806201822002646,-0.18177072118436954,-0.25310073359325175,-0.36544180937165893,-0.4480629695448526,0.014804718959839841,-0.28141486345876615,-0.034909218892524976,0.07701410817266291,0.5032719516622256,-0.21069453338785485,0.24631400147786042
dim_3_aktiv,0.03725235575382199,0.2712473093041037,-0.28509313129525093,-0.2257782086426429,1.0,0.8858664481515774,0.05012653946417192,0.42690809489074816,0.42690809489074816,0.3299020801822028,0.17242743810581088,0.5662521778246338,0.06391393544879057,0.5039974882281408,0.1294339008935298,0.6365157355829404,0.6317133091684277,0.5077954158148039,0.5500084151421644,0.42902236806670674,0.58931607078142,0.6202819651994991,0.5689298972389397,0.6486478733713238,0.3281883360062723,0.33766268404926575,0.5389656915602593,0.4367784201878615,0.47265485084310954,0.44120275549499105,0.3741815768953165,0.5769733222770518,0.35717168215983724,0.6661943286358826,0.5341904918830251,-0.13429944245920974,0.2891184752288299,0.4285259759357446,0.8199315459385358,0.7306994968519732,0.7639179182533358,0.47663392801450694,0.6511269622204918,0.33696864938931226,0.34191329520762653,,0.6167438956427671,0.1643119521933301,0.42165161210878604,0.6674720464735366,0.14932301111896756,0.40676705628070886,0.5866130576321917,0.47265485084310954,0.34100101621942874,0.6493521092743765,0.7339234784256485,0.5593938346718534,0.6505100744793951,0.6474219029654887,0.5141216931822363,0.32298914868057615,0.3829273624616588,0.6514673659204578,0.6514673659204578,0.2473341533646989,0.15646772626339026,0.5697678744905411,0.6385596753619006,0.6895774663346066,0.47896126787780596,0.7151255193629334,0.310203890733555,0.11305952898086025,0.6317464494906633,-0.20462042316682272,0.637412409790031,0.36112426729953245,0.6005074240799896,0.3367013416279985,0.6775420199647583,,0.6454826051030095,0.4594780867768504,0.3919375046603024,0.5069176051766586,0.6879336317483127,0.695065388941492,0.6590161959454961,0.7277723167509633,0.4428701093399891,0.6583196168480266,0.5485075256970511,0.7563020412410256,0.6966670921407272,0.7157738660709735,0.6798333904585783,0.522870220815778,0.8813236882404553,0.4998226010300948,0.529177151216949,0.6259613540769897,0.6341468174032628,0.36495772414546884,0.5540634265453291,-0.5506276777785971,0.6028601779954026,0.4084154459217518,0.544319675711958,0.5531959692455405,0.38043057255994406,0.5086875526389028,0.1845979106862178,0.21846171389395838,0.5722359546988607,0.5773050584381807,0.4562772922509048,0.2785484126691752,0.3579085387685941,0.5265538351576924,0.7119584254037398,0.7345616308325256,-0.13936624507470968,0.4408808698288803,0.04494509073654594,0.6025796329156162,-0.42208030719910905
dim_4_alive,0.07305349165395314,0.4909575848282815,-0.38082509796368064,-0.38959281445048305,0.8858664481515774,1.0,-0.010958701807959973,0.2961226692882836,0.2961226692882836,0.4722007099596695,0.2662619048722738,0.5911214926664305,0.33605555134556553,0.7068879239558029,0.1130233728310023,0.7200711932518052,0.679073339656164,0.6194992257733013,0.4852640214570741,0.63891225257967,0.5371089920760267,0.7379359016214571,0.7333123896408967,0.5590108479867856,0.4897153058451222,0.40242662555413145,0.6681251119015534,0.6490051735691792,0.528898642440483,0.5494830176845378,0.3935749740810133,0.5820297406750923,0.569170731241655,0.8210917705629152,0.6928338875173262,-0.3629996232336798,0.3850964568428287,0.5672586814243903,0.8832445940941657,0.7501988319649713,0.7633007068032724,0.4079412551180665,0.5616551400217563,0.2556744517451445,0.2353767503228242,,0.8064943554550165,0.46961446984941135,0.47594537904850004,0.7387659114832987,-0.03267427804187167,0.5585662627829221,0.740188191369947,0.528898642440483,0.6302974636425562,0.6888410322770938,0.8239013903161744,0.6877086083484137,0.7965129160549722,0.6597944800941679,0.41032780346632663,0.2806059834794096,0.43437190136013076,0.7402380528590797,0.7402380528590797,0.22085931633422273,0.07306007022030943,0.7635646429520401,0.7877055586809539,0.6470630097468262,0.5753089908138062,0.6576591689058243,0.5966526626754822,-0.07928352860900721,0.6039822921693162,-0.2185162651772098,0.6348461484525196,0.6448325183492936,0.6700143851571062,0.535906946602046,0.6543019399458536,,0.6823924418729259,0.4460541984658712,0.23564495836553515,0.7436051104829384,0.8531643981094658,0.8524762095933242,0.7269540487845232,0.6930226619788196,0.5715205067192702,0.6550155070648376,0.7066998170285524,0.7670132141067373,0.7236932562339602,0.6671335229376635,0.7616433511059616,0.5621112065693435,0.8452517312968869,0.5847395491294886,0.5926382811748069,0.6121015783316534,0.6949502439527242,0.4015355505970983,0.5648520273790414,-0.6151121276917474,0.6800851405919122,0.47442428686343663,0.6493646145088098,0.6829353550376154,0.6136047249811338,0.700460892355923,0.43408864980766515,0.3627482407674776,0.6886244415891403,0.6486114700482778,0.48770872710763347,0.4559439476423371,0.5619275019084246,0.6622484496640744,0.6651082177782762,0.8514004574700232,0.043970233145717644,0.2999836033380313,-0.1885271328033807,0.6381622253730077,-0.4467044687229413
dim_5_altmodisch,0.008384239209983598,-0.26246223651635225,0.3982698036709546,0.2837761161357193,0.05012653946417192,-0.010958701807959973,1.0,0.4905520744013616,0.4905520744013616,-0.04164415674138952,0.2420724971289403,0.36189840702503756,-0.2071666050070529,0.05450417373105954,-0.15418374878995916,-0.10713746687965153,-0.3354477654779854,0.16031053597834483,-0.010519694368103788,-0.003617924923856953,-0.1206926511258532,0.10232645033054676,-0.07904312615375104,0.3390337810113779,0.13321859621480892,0.12794470916312892,0.348990447113116,-0.19616837918018618,0.13048896874249585,-0.3104793228672007,0.2782955489590004,0.25402907746296044,-0.08537559743785315,-0.06834440282434352,0.0036454390614488507,0.3740350474007047,-0.15321391361996667,0.13464151276729305,0.08410243757631718,-0.07404118815010345,0.013536364350980408,0.0012384072131371242,0.3860189920941043,0.08339377357317528,0.10758898383521277,,0.026999680124215126,-0.17925210407065598,-0.03860046092900899,-0.11947293396426927,0.05050367812146305,0.2109847430252328,0.12014524442638339,0.13048896874249585,-0.16864853450061584,0.0871291552490384,0.054291497845038096,-0.1191463183973339,-0.03225801645550368,0.16088443581705753,0.33235623407395487,0.056706563046113795,-0.24955740842848967,0.1871248926263862,0.1871248926263862,0.4934167173859759,0.44496387510856766,-0.24859679857379433,0.19494144382125475,0.01974063949908587,0.19964162019764495,-0.10973260658301565,-0.1473882074292461,0.26067200859565254,0.10859913614637344,-0.1708532790254531,0.056712853447103834,-0.20864482575352333,-0.08362398794360294,-0.26663568230458706,0.0881097446244705,,-0.01714113020470608,0.16373273284059225,0.3980780890870286,-0.051647687595145486,-0.0689154551631344,0.027980257799654434,0.20263396225385688,-0.04982317736346127,-0.017980633036067735,-0.12646867952524277,-0.1254101603569315,0.22894116831632877,0.13341089454537006,-0.018129523469880244,0.14287500343264947,0.022615433329265255,0.17479830529770374,0.5884881586240868,-0.12602171390145522,-0.06024471053425711,0.14795693078391645,0.4659729250581063,0.4688693554896748,0.020766518462160724,-0.08775480250982781,0.2274342086905205,0.08811646161195362,-0.05351330532016128,-0.11700557434781138,0.019516116035126107,-0.0076754797034713764,-0.03542079031759989,-0.15718139013515006,-0.07463856862708462,0.15406441373939644,-0.10347832137189837,-0.2924718917553536,-0.1801837905473575,0.03126608428654666,0.16931896724479673,0.05210065990358996,-0.0874915283251557,0.17119603054474986,0.16454073551000986,0.11638300801802298
dim_6_arts,0.0028367220219543206,0.09969849710513508,0.09918245579900639,0.23954714147776723,0.42690809489074816,0.2961226692882836,0.4905520744013616,1.0,1.0,0.21575737359696667,0.32185931852997557,0.5283337808132769,-0.1206959719689216,0.25998463571635905,-0.06715206204569392,0.3242501603898685,0.17255767608131417,0.29498715504574774,0.48007699187197367,0.15870959462784626,0.4233698700988517,0.24885142455012138,0.28973874259705756,0.7942341265705885,0.25746708402283675,0.23564943979241176,0.2431054226585227,-0.03583482243225615,-0.06134715707923213,0.027726661566970387,0.48081352999537563,0.469041591718965,-0.20499899458149654,0.17074789537691556,0.2394123509327487,0.43419670412971734,-0.06269698244428963,0.14207148423227678,0.42012263231803826,0.3324072300344213,0.3920075348262136,0.5632171323938329,0.7321510125279883,0.5572063926247063,0.5324159300539003,,0.23133116380590507,-0.16267880848471905,0.21764268003237155,0.06889438354628175,0.44969943271022866,0.28248093555565645,0.0591815622270847,-0.06134715707923213,-0.07345194235009997,0.4516614053928599,0.38229768101426603,0.16135974525360405,0.15051441735342627,0.6307005045555719,0.6335524862673985,0.5293216535367904,0.15977716027976407,0.34644740137605035,0.34644740137605035,0.6178683156905591,0.46033632967425137,0.039579023221206266,0.32232210681618123,0.4875120537289091,0.23367742295392954,0.34386529257285686,-0.13560165003242874,0.5005657369778448,0.6330764651314634,-0.22371615143922155,0.43986898910610567,-0.04536778745449965,0.03183434817965377,-0.22893571566567958,0.4878790949008935,,0.30345624190534926,0.621609131671225,0.782927078609094,-0.00758976135468828,0.1324999256490111,0.17964891365593696,0.456439319629219,0.4943646131005485,-0.11427545976946873,0.43096910381676107,0.12071470716058515,0.5853535393329752,0.5279718175680294,0.505041066892735,0.5314087869386875,0.47687730133017675,0.5109030984543904,0.4815233465781007,0.20027841508993166,0.41517259700712367,0.5424155703255167,0.5280069515161626,0.5166966160508601,-0.44131577769309227,0.19932837997977365,0.4588226788890973,0.2827840432776599,0.12894808296637036,-0.038154206104871705,0.09703033657092475,-0.10380687432997808,0.2994214788130339,0.030896590971592263,0.19706151663878096,0.3556799365580975,0.20113317761026758,-0.015127166705271483,0.17738930872583472,0.56579050768912,0.4588673506267019,-0.05157570163835497,0.35937186412124905,0.4050686637142445,0.5124899067615315,-0.3621586625403737
dim_7_arts_2,0.0028367220219543206,0.09969849710513508,0.09918245579900639,0.23954714147776723,0.42690809489074816,0.2961226692882836,0.4905520744013616,1.0,1.0,0.21575737359696667,0.32185931852997557,0.5283337808132769,-0.1206959719689216,0.25998463571635905,-0.06715206204569392,0.3242501603898685,0.17255767608131417,0.29498715504574774,0.48007699187197367,0.15870959462784626,0.4233698700988517,0.24885142455012138,0.28973874259705756,0.7942341265705885,0.25746708402283675,0.23564943979241176,0.2431054226585227,-0.03583482243225615,-0.06134715707923213,0.027726661566970387,0.48081352999537563,0.469041591718965,-0.20499899458149654,0.17074789537691556,0.2394123509327487,0.43419670412971734,-0.06269698244428963,0.14207148423227678,0.42012263231803826,0.3324072300344213,0.3920075348262136,0.5632171323938329,0.7321510125279883,0.5572063926247063,0.5324159300539003,,0.23133116380590507,-0.16267880848471905,0.21764268003237155,0.06889438354628175,0.44969943271022866,0.28248093555565645,0.0591815622270847,-0.06134715707923213,-0.07345194235009997,0.4516614053928599,0.38229768101426603,0.16135974525360405,0.15051441735342627,0.6307005045555719,0.6335524862673985,0.5293216535367904,0.15977716027976407,0.34644740137605035,0.34644740137605035,0.6178683156905591,0.46033632967425137,0.039579023221206266,0.32232210681618123,0.4875120537289091,0.23367742295392954,0.34386529257285686,-0.13560165003242874,0.5005657369778448,0.6330764651314634,-0.22371615143922155,0.43986898910610567,-0.04536778745449965,0.03183434817965377,-0.22893571566567958,0.4878790949008935,,0.30345624190534926,0.621609131671225,0.782927078609094,-0.00758976135468828,0.1324999256490111,0.17964891365593696,0.456439319629219,0.4943646131005485,-0.11427545976946873,0.43096910381676107,0.12071470716058515,0.5853535393329752,0.5279718175680294,0.505041066892735,0.5314087869386875,0.47687730133017675,0.5109030984543904,0.4815233465781007,0.20027841508993166,0.41517259700712367,0.5424155703255167,0.5280069515161626,0.5166966160508601,-0.44131577769309227,0.19932837997977365,0.4588226788890973,0.2827840432776599,0.12894808296637036,-0.038154206104871705,0.09703033657092475,-0.10380687432997808,0.2994214788130339,0.030896590971592263,0.19706151663878096,0.3556799365580975,0.20113317761026758,-0.015127166705271483,0.17738930872583472,0.56579050768912,0.4588673506267019,-0.05157570163835497,0.35937186412124905,0.4050686637142445,0.5124899067615315,-0.3621586625403737
dim_8_bad,0.018092936075069004,0.6799583926607814,-0.07451149992289179,-0.1399230527018066,0.3299020801822028,0.4722007099596695,-0.04164415674138952,0.21575737359696667,0.21575737359696667,1.0,0.36239354001892804,0.5398080325324188,0.5234176528705594,0.6476406538907207,0.2372217623793052,0.7871082753649263,0.5582238253405646,0.7879343970089536,0.5164424613151054,0.8416800355728671,0.25822568016229286,0.6160015099403744,0.8783762347142565,0.19528209060256313,0.6754918494880013,0.09798941522586345,0.3340172945826857,0.6897109451269655,0.004266626345379307,0.6047323988042894,0.589508967709642,0.5188570947207733,0.09727417708605698,0.7334103886336855,0.8408121659171243,-0.1658749833990325,0.3301191918590155,0.3615551414977341,0.5193480466201811,0.710890067242989,0.6928885700287089,0.607635095934956,0.41266770488674276,0.574818538073324,0.4620221208386445,,0.5461602607687068,0.6255278703559953,0.7851038276384731,0.6334933696280091,0.1482071323172795,0.4946052970361281,0.5397408713611386,0.004266626345379307,0.4534819133557502,0.711910216335332,0.6949759062763422,0.5955547813651194,0.710408574242957,0.5700235566154638,0.5330790073837359,0.6027538857811023,0.3664101339606057,0.4408732996546776,0.4408732996546776,0.15196897800912362,-0.028498652463910604,0.7131000849146345,0.547550311129718,0.6668028069183207,0.45649633949449486,0.6021456684026599,0.36128537881971806,-0.25392791734519354,0.6425450237006528,-0.2558978514956277,0.7395263626353704,0.454676581046147,0.5029047208083035,0.38879453627369853,0.6588689338568162,,0.3484394588993678,0.516234940144423,0.04028656526863759,0.5942934891902915,0.5451915440635494,0.47230476775060765,0.6286108129674526,0.5542713072658114,0.11097776803232537,0.6583424699438946,0.7009251121727572,0.4928594551064683,0.5908260278648828,0.5977224639324334,0.7363684060080324,0.8226430208585621,0.5337541407538566,0.311712685530364,0.4131481509081718,0.5177731718148629,0.6184115710673391,0.5989267989739855,0.3705608565357145,-0.6272839757662871,0.7326864371638813,0.8181502052185864,0.7928695063123044,0.7143791101494326,0.7235391930592455,0.6419835381432814,0.43234890760169986,0.8722492367076915,0.3455540288728506,0.2622623402024798,0.7151473447652533,0.7300648888424217,0.81674559531904,0.6396650333958983,0.6099173074580386,0.6765653232453034,0.2693572816456495,0.3900716218878077,-0.04657045434866037,0.6032365071721374,-0.38753060025655867
dim_9_basic,0.011097592386478516,0.2525442982760551,0.0322464840385952,-0.042000947218779665,0.17242743810581088,0.2662619048722738,0.2420724971289403,0.32185931852997557,0.32185931852997557,0.36239354001892804,1.0,0.5973315950472582,0.25968447251041493,0.32744461609789377,-0.04012084061824472,0.2758145410288902,-0.0055704316415885495,0.43697061799375925,0.5094142416958912,0.37177940663996795,-0.08114327672226083,0.5449518634325741,0.4042109990347712,0.21951610102501745,0.20211921551292716,-0.21227765311782273,0.277860190327066,0.07124595849671114,-0.1976364827463489,-0.06909106679304461,0.17464560028212545,0.5849098248195045,0.02186539341592902,0.29637221507657824,0.3433291432745817,0.06214930167085347,-0.15269535256067204,0.23903430621283356,0.3829290783066254,0.3097501175411243,0.3814063450547361,0.41757753550574744,0.20018237185416426,0.5075354547658274,0.4721271817686127,,0.48543843629897865,0.3505673510243477,0.05794448523123318,0.26643125734964423,0.12896943712806938,0.6586034508659162,0.16796544429617988,-0.1976364827463489,0.16193967422212227,0.4565223921764419,0.40999664296624944,-0.004076500702241452,0.40560352438005104,0.3144776022814421,0.42861965613680175,0.44034220561515025,-0.030542660541698314,0.06649725617082085,0.06649725617082085,0.30659457191607803,0.29694355447754234,0.14245110368766298,0.5587033141923474,0.22832028868254306,0.1077535737846686,0.1940667035995304,0.13348190470245722,0.08570636334959617,0.5181403176196104,0.029854448302949955,0.19889804595534402,0.11474511760144863,-0.06840075102993909,0.06756997360081972,0.4739998254638452,,-0.02476252993797169,0.33659225075234506,0.16797436299579108,0.28613992355540335,0.2474365304297567,0.290306619589433,0.3361484173747287,0.10837083800406336,-0.14873895298371936,0.23293206307872005,0.04687407453359814,0.13044710277846627,0.29685625599448384,0.14772205289768464,0.36939741536987825,0.45561386131704046,0.26909413668190063,0.29559044898807924,-0.15949364282099066,-0.08338777794796667,0.17729489129695242,0.3811491297717019,0.3162627147930749,-0.4593893941310242,0.03983653340530152,0.4845377719496222,0.32477649818188653,0.13126768272532344,0.25531079738631096,0.28867375660690725,0.0869410163837233,0.40827624829854364,-0.02683941662151957,-0.014964316236681393,0.4901775715947065,0.28927372261235573,0.17015108821426478,0.1283064258671711,0.24410080428968214,0.4418674520976233,0.32010599152864355,-0.07412555845868367,0.16210042498842328,0.6117682247587455,-0.21639564614221293
dim_10_beautiful,0.019779416056070875,0.3862469178131559,-0.1643927920388193,-0.12076523618735578,0.5662521778246338,0.5911214926664305,0.36189840702503756,0.5283337808132769,0.5283337808132769,0.5398080325324188,0.5973315950472582,1.0,0.2787487986604971,0.6297430116370314,0.05804038564248725,0.6060888857190835,0.3000958417692599,0.7683141110245009,0.5975679014594133,0.5540705271597677,0.18789665344958073,0.8223987418506141,0.6525753134443883,0.5132152139069581,0.4318496545927778,0.12110401791920539,0.6306980581962863,0.26871307922628146,0.09903102304091058,0.22478532403873813,0.4028335649484419,0.9263816152705753,0.05210951532991153,0.6438207977704536,0.6094450677143184,-0.0006456921104104556,0.09377775697468227,0.568662052323992,0.7246765454395079,0.6873074762409073,0.7428086349136884,0.5527979907703655,0.6762278610281351,0.571303046133148,0.5688448609173249,,0.6468283372108417,0.28753524638237477,0.3774816662350779,0.5091943929781465,0.2414283007614636,0.7532425037873812,0.5530384631152281,0.09903102304091058,0.26560026202671994,0.7243535794429602,0.7441741361801213,0.4097579082666785,0.6809892614941228,0.5798566274748082,0.7228608284668624,0.4723965047059867,0.09723003543705046,0.5225556109377184,0.5225556109377184,0.37641664814676035,0.284703952599678,0.45324349954332627,0.6817344068573381,0.5685288640282885,0.4045229803930031,0.6472143906035552,0.22500584212672506,0.13985411508473486,0.7778739091900463,-0.09997609906898385,0.5999337651269822,0.167404743810876,0.3668871454395138,0.22785228614972924,0.8418046559481619,,0.25171214958714594,0.6497718207997903,0.429431535638605,0.4950538325575528,0.5048152412851935,0.545540563012902,0.8534400256253283,0.42283394004557173,0.12492356677517143,0.5311743669117525,0.39928801636762107,0.5550672410970481,0.6538983725550811,0.5546743900782836,0.7353693680979723,0.6917267232607179,0.6935733427606041,0.5717938215332536,0.1904122445750896,0.31885652058121894,0.4963048157022649,0.5015376361858372,0.6940709182930861,-0.652438572704525,0.5000922323455995,0.7522629936217937,0.6645052663796721,0.49635148280963814,0.4038221586172686,0.625443269592747,0.11633932897547575,0.46780906708370673,0.19567913319454625,0.22700782178016074,0.7131335554634239,0.4363070356424628,0.3791819708190321,0.48196205798156055,0.6334135273307308,0.8004070266000296,0.06648875598761265,0.25016571250608927,0.11103506991526275,0.849658053210121,-0.4572366686908411
dim_11_below,0.07481303307226539,0.8356838056625837,-0.43279522405414345,-0.5064742051866561,0.06391393544879057,0.33605555134556553,-0.2071666050070529,-0.1206959719689216,-0.1206959719689216,0.5234176528705594,0.25968447251041493,0.2787487986604971,1.0,0.5472952715472987,0.1329053948065961,0.39613594864088914,0.29279291491571335,0.5408909060782279,0.1450595332120175,0.6836327372822844,-0.0047446717154244825,0.38773389839853667,0.5516937365708648,-0.13688031724338795,0.49573015972394324,0.29199598002464916,0.39683725348454557,0.5118297663419666,0.09210026375347463,0.455028603417669,0.030359036994602365,0.28300192928107154,0.3368032856241321,0.5384364944619211,0.5771314085223264,-0.57406672343405,0.4365752859705479,0.34579570413540234,0.33513888556543164,0.3925019263634496,0.3320780537661761,0.11092345563376638,-0.0026295574400270728,0.09154528329742898,0.0972925432443163,,0.4344568520649511,0.6897767724660933,0.4163837348905419,0.44753451190500315,-0.21320143798586766,0.5167366192879027,0.4684698346251261,0.09210026375347463,0.6933970717759848,0.40944007754562256,0.41647241669985413,0.5261045308798156,0.5679971218470234,0.12600697686586365,0.10829887128400943,0.13915801593479743,0.3564528357059519,0.2878715010784868,0.2878715010784868,-0.0917462683227903,-0.1083754521990738,0.5611508865207779,0.3648759532712681,0.23476452494665798,0.24750928688921062,0.2547715498998624,0.5913055936041381,-0.4590112736831377,0.13849439289283302,-0.028999305319067213,0.2832300048234741,0.43092230394711223,0.42662706190645044,0.5779678529640875,0.28304250110409723,,0.14425080812533386,0.24094021817899755,-0.26076086749980526,0.6262854671638565,0.41514165871241576,0.3814371913188142,0.4273477619272407,0.15310617991008754,0.2265551684073729,0.27414101892157094,0.527190630569442,0.14910540943543002,0.23513617037795556,0.15595236500769138,0.3565689534447412,0.37254768442901603,0.24850873076083818,0.22880860749618603,0.1864734699679482,0.16658994958404447,0.2302030714230328,0.17976020431052975,0.13151057223473878,-0.47576873054401286,0.40637866086078767,0.42002284571013715,0.5283232403404664,0.5598189334331463,0.7198141441240137,0.6576777205335592,0.46864022434977776,0.40382049375855467,0.2653751036525063,0.1302286287584351,0.403338004150165,0.5842565407649093,0.6714206252389076,0.5085053493615767,0.10057224389942979,0.4375146611644001,0.3899263567453511,-0.023864058775466518,-0.3738184738376626,0.2780480915002525,-0.3017467397526906
dim_12_big,0.08404306208304384,0.6530235673937441,-0.2757635508739006,-0.29420321894739826,0.5039974882281408,0.7068879239558029,0.05450417373105954,0.25998463571635905,0.25998463571635905,0.6476406538907207,0.32744461609789377,0.6297430116370314,0.5472952715472987,1.0,0.20083523876390083,0.7030912586446851,0.5542376549336265,0.8012270506201855,0.38407396506064345,0.7822700527716158,0.3613554077858218,0.6251041534888815,0.7621148844815377,0.39160849521676655,0.665624703362862,0.2900635256444072,0.6600549328124015,0.6689432448782529,0.3479909439135861,0.5774225758458336,0.49578821838881165,0.6090235228551393,0.40335663527793947,0.8002859945393898,0.7452975118834283,-0.32577583292884593,0.43909520463969487,0.715419500627282,0.6785302443364502,0.6339137304215994,0.6347755110898073,0.3806383012763162,0.5514840955140851,0.30059279188915555,0.27527918093842385,,0.7420238108294173,0.558119012787114,0.5492813617495056,0.5261439112328301,0.08710088801378701,0.6918358979906564,0.7246864877848755,0.3479909439135861,0.7090066715275152,0.6705481828977619,0.746079149122361,0.7093820814007766,0.7064111603713066,0.5253049873008859,0.3740662468201033,0.3722192292702884,0.3834929610178062,0.675695417723735,0.675695417723735,0.1697136952723709,0.0047066928608113425,0.7708487130515852,0.6918489163795801,0.5322558932407162,0.626811524887577,0.5483744674406931,0.6436611023484851,-0.16115719203185724,0.5238346483139076,-0.2063486255658625,0.6478720859470569,0.5623827026852773,0.590287163090337,0.5144622439521905,0.5964945081589833,,0.4924252623108467,0.5362693013859006,0.14228119269255543,0.8143581675849815,0.7254291623525121,0.7107654062559096,0.7930195071429635,0.5270429119604852,0.41917652746897105,0.5900651770863314,0.7172576919560352,0.6833008840062241,0.70961194855939,0.6159624565766634,0.7216096410278433,0.6405987969615475,0.654101288127649,0.613139233050465,0.536538719667081,0.5239106688725241,0.7078038540359486,0.5085577167556555,0.5617509391954233,-0.6374844934911358,0.734538504557067,0.6436975208952503,0.7301037959541156,0.7107251105351562,0.6555776836796282,0.7330561569655464,0.48488783898299537,0.576969398040882,0.5616680680228917,0.4462613941378735,0.5463181449393124,0.6127039199157183,0.679546943472283,0.7386721546978631,0.5877419595861102,0.8198554926283721,0.27385596947254653,0.2915564717144969,-0.23086759273110669,0.5895107415570895,-0.38237254985765473
dim_13_blue_collar,0.004931585482388376,0.19750636341361946,-0.1792080470836408,-0.10805275331822202,0.1294339008935298,0.1130233728310023,-0.15418374878995916,-0.06715206204569392,-0.06715206204569392,0.2372217623793052,-0.04012084061824472,0.05804038564248725,0.1329053948065961,0.20083523876390083,1.0,0.1824929734072658,0.2538002958963687,0.19058577722212863,0.18823044297907066,0.21560785168758323,0.021151177788148005,0.15011582265989423,0.23233147979160748,-0.03471259255873016,0.19934336037817232,-0.10664558087145701,0.09535642879606275,0.20159349240915655,0.014098891347109612,0.24268977109376647,0.1731802134157092,0.045258221136050686,0.26370462478199536,0.2567942066076868,0.22327657168987616,-0.10914641362956877,0.08707168325197291,0.27790768586688913,0.12248257914998358,0.28010732390679405,0.2775760700132919,0.2143342464411651,0.03227559960983611,0.17968900341251517,0.18945216252732033,,0.07866812590261632,0.07045692600239717,0.19269846930897103,0.2494159737766494,0.011626727366139056,0.1057069425452752,0.17303747203976652,0.014098891347109612,0.27858584920266394,0.2285084395610265,0.22927370411633727,0.21699409992887186,0.27020443096849195,0.05809152557486458,0.038353075572189144,0.2877789097154568,0.12805298965438092,0.06033457076202168,0.06033457076202168,-0.2144073212398599,0.03509618068643037,0.23904477019678974,0.08065042730732093,0.22482738489830995,0.07904153978866195,0.29852834657662053,0.20098942073739465,-0.1712803890761406,0.11198261455955665,-0.2432638990645912,0.22614504658021364,0.08171323767675806,0.20429904891666076,0.3557930627256113,0.21357405473940563,,0.17572854728286325,0.07041763791088906,-0.0998177149203855,0.162291732552619,0.17076626394072125,0.13657539108008201,0.1309222072376165,0.1910898453266124,0.2902043976812732,0.318925779286728,0.23194184502541906,0.1056179510887536,0.18699662248574925,0.19622901378906418,0.14899449226813166,0.1845915432329653,0.19298660407315463,-0.025535737570165664,0.16095887154656502,0.2050479639107296,0.17472845555011104,0.08124249015698007,-0.06802599490864487,-0.3369758979618781,0.24950605689551067,0.1957016512029206,0.22044373865430916,0.21162404934250212,0.205852694609147,0.18904897594307413,0.1493246558433124,0.27388813128660866,0.030257600426795636,0.07326500241151537,0.23020121898226778,0.2201510548298597,0.23564256654444346,0.2266556591661336,0.12898340267295896,0.08630472407499314,0.2891978167789575,0.4286088494460623,0.0936982603232425,0.13570796208488645,0.12296916834292511
