,success,nnovative,rachel,old,esign,ew,mall,live,ndulgent,ool,nkompliziert,how,npleasant,inner,raditionell,collar,rts,rts,names,names,names
success,1.0,0.10896569399744087,0.10896569399744087,0.10611245304563043,0.09790438824972986,0.09759302149006165,0.09630781877306573,0.09483005338299473,0.09309142131708469,0.09241135995272738,0.088932300255586,-0.04169034144274776,-0.042438127764519176,-0.043401419449999736,-0.04619545920768515,-0.04751748148769169,-0.055794004974423085,-0.055794004974423085,-0.06211993842824925,-0.08169077028943844,-0.0845108679151422
nnovative,0.10896569399744087,1.0,1.0,0.6413529220265072,0.5676033558439619,0.37490951633731195,0.4154080870951093,0.49506205637118184,0.13845278686512488,0.17452121301134002,0.44539586553011756,-0.0692372682542848,-0.3143497111946667,-0.32012849590164627,-0.006105541505370344,0.012036463533293162,-0.1433922540655999,-0.1433922540655999,-0.18895705178493022,-0.33513008349494305,-0.2507119216111073
rachel,0.10896569399744087,1.0,1.0,0.6413529220265072,0.5676033558439619,0.37490951633731195,0.4154080870951093,0.49506205637118184,0.13845278686512488,0.17452121301134002,0.44539586553011756,-0.0692372682542848,-0.3143497111946667,-0.32012849590164627,-0.006105541505370344,0.012036463533293162,-0.1433922540655999,-0.1433922540655999,-0.18895705178493022,-0.33513008349494305,-0.2507119216111073
old,0.10611245304563043,0.6413529220265072,0.6413529220265072,1.0,0.8513384544954284,0.5099893426406442,0.8115116937391293,0.7339044800539108,0.5942105103052053,0.6846226004819753,0.8712799771345037,0.010656717206434355,0.20941704533261055,-0.2999539302358643,0.3527772363876914,0.21824664728992335,0.010799152938181565,0.010799152938181565,-0.2802801146060132,-0.3740333964391055,-0.36469066409410944
esign,0.09790438824972986,0.5676033558439619,0.5676033558439619,0.8513384544954284,1.0,0.4715495319582407,0.6496510188053147,0.6310808623972474,0.667560471320516,0.6424761422419063,0.7741254193612791,0.2072489819556982,0.10301003926174772,-0.2611901475317505,0.36214515201968434,0.11474153811937686,0.2157852853278072,0.2157852853278072,-0.1833139551935444,-0.2970038770646011,-0.21755193705508666
ew,0.09759302149006165,0.37490951633731195,0.37490951633731195,0.5099893426406442,0.4715495319582407,1.0,0.48262820050372873,0.6086223813860676,0.4821973098426419,0.4936278863673233,0.45532210947075996,0.23191978440049538,0.38131114911428726,0.147685243744082,0.4404078425104101,0.17887002458611556,0.23547761744651313,0.23547761744651313,0.009084114149467883,-0.06522365776918278,-0.015101608323470175
mall,0.09630781877306573,0.4154080870951093,0.4154080870951093,0.8115116937391293,0.6496510188053147,0.48262820050372873,1.0,0.6974739933967837,0.5831250236474221,0.6375222837414347,0.8218601558906062,-0.17562674174654036,0.38058193632372955,-0.293514024830018,0.37632163294250465,0.100784819322924,-0.10518898255823027,-0.10518898255823027,-0.45462663522704405,-0.49836153683535167,-0.5515780551543575
live,0.09483005338299473,0.49506205637118184,0.49506205637118184,0.7339044800539108,0.6310808623972474,0.6086223813860676,0.6974739933967837,1.0,0.5334150340540812,0.7198139117050839,0.6754439283778072,0.23072295042912855,0.32046371273454677,-0.09132972932114175,0.346862943153385,0.284738564114325,0.21998245716018022,0.21998245716018022,-0.26058995808641455,-0.20565974270777337,-0.2989281558995966
ndulgent,0.09309142131708469,0.13845278686512488,0.13845278686512488,0.5942105103052053,0.667560471320516,0.4821973098426419,0.5831250236474221,0.5334150340540812,1.0,0.7303684543080001,0.6884471881184717,0.29973681252557166,0.4180701911047426,0.06766629816948097,0.5140856013276409,0.09186713711536203,0.32535328861266277,0.32535328861266277,-0.12305120373960057,-0.12883542950948645,-0.1281488885052607
ool,0.09241135995272738,0.17452121301134002,0.17452121301134002,0.6846226004819753,0.6424761422419063,0.4936278863673233,0.6375222837414347,0.7198139117050839,0.7303684543080001,1.0,0.7199088235320036,0.18228219204299703,0.5134187343069276,-0.02108046169293101,0.4200582993564687,0.18699187014248853,0.23422737004947897,0.23422737004947897,-0.13349146727047212,-0.08969108022424321,-0.1583911954818307
nkompliziert,0.088932300255586,0.44539586553011756,0.44539586553011756,0.8712799771345037,0.7741254193612791,0.45532210947075996,0.8218601558906062,0.6754439283778072,0.6884471881184717,0.7199088235320036,1.0,-0.029649535797330418,0.3331986627019944,-0.26701180146700065,0.34920611572887444,0.21794950102264643,0.022219333236786213,0.022219333236786213,-0.39024446292425097,-0.41237305122781587,-0.46649912019388184
how,-0.04169034144274776,-0.0692372682542848,-0.0692372682542848,0.010656717206434355,0.2072489819556982,0.23191978440049538,-0.17562674174654036,0.23072295042912855,0.29973681252557166,0.18228219204299703,-0.029649535797330418,1.0,0.18565220121144255,0.5086628426180069,0.3246368388416149,0.21350028253418912,0.8314096201630421,0.8314096201630421,0.44056149541217604,0.47932550035698307,0.5383336458270087
npleasant,-0.042438127764519176,-0.3143497111946667,-0.3143497111946667,0.20941704533261055,0.10301003926174772,0.38131114911428726,0.38058193632372955,0.32046371273454677,0.4180701911047426,0.5134187343069276,0.3331986627019944,0.18565220121144255,1.0,0.28081033332335137,0.6069343138328926,0.29692791970384375,0.33652295693093315,0.33652295693093315,0.16020397374940315,0.13848306478296024,0.10022906026764407
inner,-0.043401419449999736,-0.32012849590164627,-0.32012849590164627,-0.2999539302358643,-0.2611901475317505,0.147685243744082,-0.293514024830018,-0.09132972932114175,0.06766629816948097,-0.02108046169293101,-0.26701180146700065,0.5086628426180069,0.28081033332335137,1.0,0.16671559910743877,0.2626248884852743,0.45223010766688065,0.45223010766688065,0.4606052258857255,0.5956645596217467,0.524607622975017
raditionell,-0.04619545920768515,-0.006105541505370344,-0.006105541505370344,0.3527772363876914,0.36214515201968434,0.4404078425104101,0.37632163294250465,0.346862943153385,0.5140856013276409,0.4200582993564687,0.34920611572887444,0.3246368388416149,0.6069343138328926,0.16671559910743877,1.0,0.2761377721869018,0.5390806600569867,0.5390806600569867,0.21015974964911727,0.15546280459736733,0.26962928553354815
collar,-0.04751748148769169,0.012036463533293162,0.012036463533293162,0.21824664728992335,0.11474153811937686,0.17887002458611556,0.100784819322924,0.284738564114325,0.09186713711536203,0.18699187014248853,0.21794950102264643,0.21350028253418912,0.29692791970384375,0.2626248884852743,0.2761377721869018,1.0,0.2833191791193535,0.2833191791193535,0.0785168476224205,0.2632224710356579,0.10743513098686332
rts,-0.055794004974423085,-0.1433922540655999,-0.1433922540655999,0.010799152938181565,0.2157852853278072,0.23547761744651313,-0.10518898255823027,0.21998245716018022,0.32535328861266277,0.23422737004947897,0.022219333236786213,0.8314096201630421,0.33652295693093315,0.45223010766688065,0.5390806600569867,0.2833191791193535,1.0,1.0,0.3968906696564148,0.48577040527152043,0.5548414719613021
rts,-0.055794004974423085,-0.1433922540655999,-0.1433922540655999,0.010799152938181565,0.2157852853278072,0.23547761744651313,-0.10518898255823027,0.21998245716018022,0.32535328861266277,0.23422737004947897,0.022219333236786213,0.8314096201630421,0.33652295693093315,0.45223010766688065,0.5390806600569867,0.2833191791193535,1.0,1.0,0.3968906696564148,0.48577040527152043,0.5548414719613021
names,-0.06211993842824925,-0.18895705178493022,-0.18895705178493022,-0.2802801146060132,-0.1833139551935444,0.009084114149467883,-0.45462663522704405,-0.26058995808641455,-0.12305120373960057,-0.13349146727047212,-0.39024446292425097,0.44056149541217604,0.16020397374940315,0.4606052258857255,0.21015974964911727,0.0785168476224205,0.3968906696564148,0.3968906696564148,1.0,0.6602304982111266,0.881812478136627
names,-0.08169077028943844,-0.33513008349494305,-0.33513008349494305,-0.3740333964391055,-0.2970038770646011,-0.06522365776918278,-0.49836153683535167,-0.20565974270777337,-0.12883542950948645,-0.08969108022424321,-0.41237305122781587,0.47932550035698307,0.13848306478296024,0.5956645596217467,0.15546280459736733,0.2632224710356579,0.48577040527152043,0.48577040527152043,0.6602304982111266,1.0,0.7814767400884814
names,-0.0845108679151422,-0.2507119216111073,-0.2507119216111073,-0.36469066409410944,-0.21755193705508666,-0.015101608323470175,-0.5515780551543575,-0.2989281558995966,-0.1281488885052607,-0.1583911954818307,-0.46649912019388184,0.5383336458270087,0.10022906026764407,0.524607622975017,0.26962928553354815,0.10743513098686332,0.5548414719613021,0.5548414719613021,0.881812478136627,0.7814767400884814,1.0
