,success,dim_0_above,dim_1_african_names,dim_2_african_names_2004,dim_3_aktiv,dim_4_alive,dim_5_altmodisch,dim_6_arts,dim_7_arts_2,dim_8_bad,dim_9_basic,dim_10_beautiful,dim_11_below,dim_12_big,dim_13_blue_collar,dim_14_blunt,dim_15_career,dim_16_cheap,dim_17_children,dim_18_closed,dim_19_community,dim_20_cool,dim_21_cruel,dim_22_culture,dim_23_dead,dim_24_descriptive,dim_25_design,dim_26_destructive,dim_27_innovative,dim_28_responsible,dim_29_TheRebel,dim_30_appetitlich,dim_31_electric,dim_32_emotionally_stable,dim_33_ernst,dim_34_european_names,dim_35_evaluating,dim_36_expensive,dim_37_extraverted,dim_38_extrovert,dim_39_extroverted,dim_40_family,dim_41_fascination,dim_42_female,dim_43_friendship,dim_44_functionality,dim_45_healthy_positive,dim_46_healthy_restrictive,dim_47_impractical,dim_48_inaktiv,dim_49_winner,dim_50_indulgent,dim_51_cold,dim_52_innovative_rachel,dim_53_inside,dim_54_introverted,dim_55_kind,dim_56_kompliziert,dim_57_lazy,dim_58_lifestyle,dim_59_lustig,dim_60_male,dim_61_math,dim_62_modern,dim_63_modern_2,dim_64_music,dim_65_musical_instrument,dim_66_nachhaltig,dim_67_natürlich,dim_68_neurotic,dim_69_new,dim_70_diligent,dim_71_outside,dim_72_performance,dim_73_pleasant,dim_74_bargain,dim_75_polite,dim_76_power,dim_77_practical,dim_78_protective,dim_79_sympathisch,dim_80_safety,dim_81_science,dim_82_see,dim_83_show,dim_84_small,dim_85_sustainable,dim_86_sustainable_2,dim_87_attractive,dim_88_teaching,dim_89_technical,dim_90_TheCarer,dim_91_TheCitizen,dim_92_TheCreator,dim_93_TheExplorer,dim_94_TheHero,dim_95_TheInnocent,dim_96_TheJester,dim_97_open,dim_98_traditional,dim_99_TheRuler,dim_100_TheSage,dim_101_TheWizard,dim_102_traditionell,dim_103_trendy,dim_104_trust,dim_105_trustworthy,dim_106_ugly,dim_107_unappetitlich,dim_108_unattractive,dim_109_uncool,dim_110_unkompliziert,dim_111_unnatürlich,dim_112_unpleasant,dim_113_unsustainable,dim_114_unsustainable_2,dim_115_unsympathisch,dim_116_untrustworthy,dim_117_unwirksam,dim_118_valuable,dim_119_TheLover,dim_120_warm,dim_121_weapon,dim_122_white_collar,dim_123_white_names_1998,dim_124_pleasant_2,dim_125_volkswagen
success,1.0,-0.020618396293648054,0.026467469879022675,0.01530140899772422,0.04731401365050221,0.02993614558176424,0.020440526652415622,0.043844368024338304,0.043844368024338304,-0.0019434132095468516,-0.030099151360641486,0.009929126114545325,-0.0463153044101975,-0.009660700926093025,-0.008010987819514483,0.02495150347904178,0.03185075956899849,-0.012619338151307113,0.020401100381496114,-0.006119835955463973,0.05807039130564244,0.006500751321772562,0.0031094706320419115,0.05245221557633333,0.016268200150421196,0.031763785479358764,0.004153200026391405,0.013184193267554942,0.032688625440674954,0.017272888416415756,0.0614123265174414,-0.0023997887334552244,-0.019419248113514365,0.011080937865248462,-0.005637765543020893,0.03535092329503719,0.017418412343537353,-0.0007177240839155814,0.019393662666831152,0.012915740391964683,0.01738195059852811,0.033812919784075246,0.05895522231185847,0.01660469803322947,0.0026532636124028766,,0.0038149342592216505,-0.03726448229426553,0.013955356357773412,-0.005646632903622867,-0.0016515750556295266,-0.024083663829929526,0.012045845597348283,0.032688625440674954,-0.013763844354409535,0.008084609248127986,0.024569183364566514,0.016780532502656192,-0.006848585265510923,0.0554406828238686,0.025087974083566156,0.015033919479356141,0.028698831868946957,0.02863471510207728,0.02863471510207728,0.019922304911873148,0.016521417116048386,0.004315264159786041,0.02662132577475727,0.007772938411542689,0.04132537852362344,0.03352146951129686,-0.016723989549096714,0.022145217759875466,0.035286490629563246,-0.03955880778083695,0.024633493294049895,0.009818506277170536,0.009406442829136677,0.008542490312768486,0.02397505038197283,,0.04958542146884357,0.014730354737648143,0.045680408580487726,-0.006245925126630245,0.02882933779771425,0.033266220082333584,0.01364301564273678,0.07443243608229128,0.027670843179213468,0.041820253122812574,0.020718501492070864,0.05496061266468338,0.03561354792044356,0.03794872989739592,0.03859914523410144,0.003034439683992914,0.04073016246970779,0.009921384301870846,0.0547499815436934,0.053827797789099775,0.04679466959763086,0.027288870578996025,-0.0013311983522950408,-0.012911209673803683,0.020923802869115965,0.006515216819192547,0.027662119131502752,0.025974261892686375,-0.017863023464176803,-0.005668249019359133,0.005105750251107952,0.008874369255781946,0.03663886180585441,0.0476318101089493,-0.012257548770019503,-0.01841371270612163,-0.019781912188397973,0.0011505052729985682,0.0358581332089415,0.019515634058331906,-0.024358596370972454,0.030471760812090225,0.029901486756962227,0.0062322453939823675,0.00803671865968176
dim_0_above,-0.020618396293648054,1.0,-0.3508843826977268,-0.3025262937683986,0.182928106460741,0.39555474021606546,-0.29930964943386146,0.0446174524696884,0.0446174524696884,0.7126985023051162,0.21982055750344098,0.29932339160268073,0.7992484281929016,0.5793173003710672,0.263388126975791,0.595731637938766,0.536858108871943,0.5705607865746867,0.35996136772896703,0.769860252767054,0.27644655911115945,0.4105839777673358,0.7159939524822951,0.052941614925628676,0.6095117707823224,0.20082662434436796,0.22462966939179146,0.6032913609360933,-0.08600141287917867,0.6369425131153226,0.31067666050938175,0.27586543506086564,0.13940779702269646,0.6082949465382623,0.6716745541236805,-0.3549994962098443,0.44666756645802347,0.32994815363158925,0.4138330290367853,0.5560347506393234,0.47831812939153795,0.4235010464766858,0.16704581646517655,0.36132870339712214,0.29806755377348715,,0.487188934345794,0.6132795202580921,0.5969746240023678,0.5009657541444176,0.01837775765148316,0.40888388305654244,0.3727852762186046,-0.08600141287917867,0.640507248613363,0.5880103108941922,0.5615512397327656,0.5921599742495893,0.5852027926601913,0.37021418383216326,0.23275488382237539,0.44437523447469945,0.5031354237960439,0.30840721936333415,0.30840721936333415,0.0077195119309385225,-0.1202249382628931,0.6733065332892675,0.40892026111614205,0.4909549026479996,0.27492551416795014,0.42202043792223753,0.5120954616485058,-0.31845259020213734,0.38600482748446796,-0.1481577331405204,0.494701708665612,0.49036705753277743,0.40323185532472094,0.47235757118621113,0.4285695644506884,,0.24752942000840109,0.36322592118990005,-0.10644582754308551,0.5440498204186387,0.4573308123755915,0.3863753798214254,0.4741214711638437,0.4127237353273258,0.07234436056683208,0.5441862549696348,0.668201671291606,0.33012429358959594,0.45593473424933595,0.4133569917815542,0.5440185002795668,0.607220910243699,0.335396546345723,0.183842335656471,0.3948231064688727,0.4248556436450219,0.47705997989466076,0.3354920720794617,0.1447138724636017,-0.6118091365687754,0.571891760732255,0.5481669479052249,0.6008252639190275,0.6276362132407102,0.6473834680103084,0.5433146101151811,0.42161775333208495,0.6543503119178374,0.31540142888497613,0.25042997434224695,0.4804300642067748,0.7608526464017785,0.786939433795912,0.6269369688474264,0.39294028089762806,0.49787284921651515,0.35073382136272796,0.2959368911009878,-0.17470487481260613,0.4064014562489145,-0.4188452903709254
dim_1_african_names,0.026467469879022675,-0.3508843826977268,1.0,0.7910188855798611,-0.2240465292573325,-0.35685111947770953,0.391745966560373,0.22196814835095377,0.22196814835095377,-0.03860559828003763,0.14680340284849444,-0.10691235122068865,-0.4012957277470864,-0.25877249718413076,-0.1914504742379534,-0.1293678455511981,-0.39065644609736144,-0.2491447500043279,-0.04070910879545904,-0.2494665015444486,-0.14872814095439021,-0.22027731230484524,-0.22994851265322022,0.03257487025593404,-0.2178087042274555,-0.31904898203044824,-0.21397612530868446,-0.30601535360074816,-0.18441125571247916,-0.3516484548711186,0.3154964110833497,-0.24347091312192579,-0.4153147562758811,-0.3188803728254586,-0.20914335335768705,0.7303565337525502,-0.3674794811875403,-0.3127244403566949,-0.3319261668680369,-0.29802695734564116,-0.2223945104240942,0.09900818171606439,0.033020237303381605,0.22416373184693447,0.10187551454860595,,-0.31032681581836746,-0.23028048481273933,-0.18228195070418513,-0.36714000837880645,0.2975580628878329,-0.21653871593215235,-0.2755910374588817,-0.18441125571247916,-0.4416138454582661,-0.20048669667088512,-0.24868541771686514,-0.4634184133661255,-0.3916880624426752,0.044374707793463024,0.06536630248129968,0.24661274135361905,-0.2786346187083154,-0.29695275179689085,-0.29695275179689085,0.44222779148689007,0.2971634648527797,-0.42844913430774506,-0.17516108444808473,-0.1305021675798558,-0.029651014190848205,-0.34335148105180463,-0.3997717107616357,0.34305477196901885,-0.01701498508540177,-0.2055308971377122,-0.13116519445318844,-0.15286858235134207,-0.4707263391542399,-0.5458123520847442,-0.23538673267435634,,-0.1834690230477781,0.009002638054526032,0.22393740749530908,-0.3824378603555873,-0.3929620217979767,-0.3568015228502519,-0.3314993024233994,-0.16627392733939428,-0.3579857737291784,-0.22995870749843206,-0.25767491518408503,-0.02891504096308491,-0.10426949933319635,-0.05595648505722267,-0.11720106424755584,-0.044377042957054726,-0.2111199172137948,0.024679051374822396,-0.12920482739921701,-0.19538728058135313,0.01749037662056424,0.21974721503979086,-0.006257731237686633,0.35540090203451774,-0.2950461081966827,-0.06281992845534905,-0.25726053057203996,-0.3615387632326197,-0.27093954547701793,-0.4446546576187673,-0.1448649434476146,0.10154000601225678,-0.19325889183685693,-0.28742288869477733,-0.16153785329425674,-0.24423782130847974,-0.3030768730287997,-0.4755920989131861,-0.001203157718248638,-0.20481286214591857,0.13449052387350657,-0.11520649028546587,0.40386375832761545,-0.11537954698974277,0.35378784575028055
dim_2_african_names_2004,0.01530140899772422,-0.3025262937683986,0.7910188855798611,1.0,-0.13670861417330427,-0.31820421511593444,0.2640217349288868,0.34344228084112044,0.34344228084112044,-0.04775664299964854,0.09614690493490818,-0.01616128165507167,-0.44737004638979566,-0.21674145453750396,-0.09641436032257013,-0.011455210851310349,-0.28813870272206943,-0.2801982826431812,-0.002007935940316285,-0.3350398944380159,0.004381707973261166,-0.19146558281064907,-0.18904686363302026,0.18465201764089148,-0.24285093434303026,-0.259789277383333,-0.2522756690319701,-0.3573617421540932,-0.24205303547010912,-0.28883667729081336,0.4090209508585986,-0.13048612595756934,-0.504534783252468,-0.28049735586135105,-0.22487221952025072,0.8823730664736137,-0.3825170359233418,-0.3014999397750222,-0.26076729300614426,-0.20596335454729783,-0.1464526317760554,0.20360269663631417,0.19345765374462756,0.32144818116080365,0.22347906697841827,,-0.30574035706322455,-0.37143361466878644,-0.15105758101243777,-0.3687157305339409,0.46874258946576597,-0.18057595427566783,-0.32044572427946116,-0.24205303547010912,-0.47274978543472856,-0.12229136284712978,-0.1826495164802856,-0.37901615821665946,-0.3947913946752014,0.11188706054863741,0.12659493882484538,0.3376496696275623,-0.2413297668204757,-0.2017587396775044,-0.2017587396775044,0.4771181778453523,0.321691449128513,-0.3844122276039923,-0.23622798364787956,0.026756395101473037,0.00505859809472542,-0.14405994631319605,-0.49503196447264197,0.5275128888173876,0.10285378063401039,-0.27350268738152184,0.004044832788922333,-0.22522801020976196,-0.4535781090756601,-0.5529667639134909,-0.08767668895827263,,-0.12929068977559938,0.1803918230639737,0.42860275974430595,-0.5082627681990894,-0.4075462268322611,-0.3765206071942723,-0.22731033891665303,-0.0748850866590126,-0.40312779681823213,-0.0857902237144581,-0.24918799233110667,0.06342791919431853,-0.002302461320100826,0.1452373202037204,-0.05215937521427367,0.03436260145609277,-0.1221357997404328,-0.047531240844914405,0.004490235385138771,-0.04399956876854093,0.11673387937595268,0.15906502117394417,0.03038598179157938,0.28773761792301034,-0.19726654669910293,-0.0418096533877976,-0.26426072601496586,-0.3592876488813375,-0.3626219066891546,-0.4697113383730619,-0.2941242289250925,0.11582361565403829,-0.17054318083966286,-0.21222301535670432,-0.10359273705385096,-0.1691636069263466,-0.27660260612884935,-0.38901412511728195,0.14287177380322322,-0.1552035516927333,-0.015792499340468464,0.10676576581897909,0.6255371963488148,-0.06589851411460663,0.19187267833903213
dim_3_aktiv,0.04731401365050221,0.182928106460741,-0.2240465292573325,-0.13670861417330427,1.0,0.8845101556124944,0.10319556516954365,0.3894382907138876,0.3894382907138876,0.3126791278677818,0.14264247850950754,0.5732267016146653,-0.0451982739209811,0.48980225858682047,0.11738309321323719,0.6339750825667446,0.5837024400272014,0.5085943771799453,0.4875213558941595,0.3874382247896416,0.5808998038515759,0.6181126453206991,0.553123633387917,0.625998515523562,0.28241024984206586,0.3260835703366582,0.545372209237809,0.41502544019083804,0.48507945102184574,0.39409792770043867,0.40189394569773057,0.5685279461226024,0.31979534299321943,0.6681577893210853,0.5122058980502824,-0.05770975273192813,0.24975905545486188,0.411517339819234,0.8197264932931411,0.7087658743603086,0.7514806525253453,0.3958797920116671,0.6535807310200089,0.268053674658287,0.25510056563785344,,0.6283597223880132,0.11300502925186644,0.42734608941955865,0.6347079456599369,0.10555910573038504,0.38215456212407045,0.6103248866340886,0.48507945102184574,0.28396892785664235,0.6321119258481814,0.7369522038939196,0.5500217618437899,0.6255811473726017,0.6131136666199721,0.5181982735917011,0.25180344935815985,0.29711202703585476,0.655971454369554,0.655971454369554,0.26330476237696443,0.1607192006347319,0.5452533950425186,0.6501691242146165,0.6885115668734118,0.5077850955677908,0.7085746433634169,0.26293671933056173,0.16247063963869968,0.5836332022446593,-0.21449877745185977,0.639992729704949,0.34541358411387374,0.5893401766256948,0.31463199604183684,0.6659198942855438,,0.6658980446031398,0.42139943025773197,0.38992128876379195,0.45683462145894405,0.6711830347029027,0.6885453498649764,0.6610674435879089,0.7038770926912772,0.4668507257552027,0.6212506670212002,0.5415405940478875,0.7794986373600578,0.6950056033634867,0.689588347589256,0.6609905743961489,0.4781546552549474,0.8952918501956858,0.49915597768576664,0.530296548893283,0.6278657717727499,0.6389275727485133,0.35534350121312425,0.5674895875089354,-0.49933861506353167,0.6090590737211534,0.4135559553555092,0.5569827969229255,0.5490696234932081,0.34354605832024265,0.4926207412339627,0.17441950166666498,0.1807434561490386,0.5688510972380394,0.6246261741039454,0.484597880241895,0.21881609070798078,0.30614318110293437,0.5175779054654922,0.6815417615505721,0.7508928885964917,-0.16340547164638292,0.4542477542313507,0.0928854293225648,0.5722727361476272,-0.37205456600594294
dim_4_alive,0.02993614558176424,0.39555474021606546,-0.35685111947770953,-0.31820421511593444,0.8845101556124944,1.0,0.01635505745402872,0.2301404794680599,0.2301404794680599,0.42650369328580173,0.20205001152969176,0.5711662127280053,0.23422917488418135,0.6701532652670006,0.11891126269847195,0.6716540510828625,0.6171782081511926,0.6030622162108316,0.39875106286070106,0.5911380512663627,0.4898907772795367,0.729891897083116,0.697078631043009,0.4956304597804011,0.43286711126672117,0.3964467760778652,0.6585524042596911,0.6265128980026956,0.5349888224455476,0.5092115684654489,0.38415344967088005,0.5528600004396761,0.5465929585997601,0.812326573570754,0.6634805755213781,-0.30567732564228894,0.3579339114893841,0.5361422370029538,0.8631448009212264,0.7196842107926888,0.738277775512446,0.2929127932252554,0.5362752227910023,0.15551656373259834,0.13370404520872792,,0.7976776501597671,0.417991851516028,0.4618952791375379,0.7223629735273072,-0.0882008321916599,0.5144622878720393,0.752188914935904,0.5349888224455476,0.5824806345766573,0.6547433331218591,0.8033262956511117,0.6739397915834311,0.7862539635398214,0.580516403193502,0.4026387266076578,0.16857632529092148,0.33863261854867294,0.7318212603425329,0.7318212603425329,0.21541127411060765,0.0823400183031546,0.7484765222679168,0.7774635514544515,0.6409209880655606,0.581682742208633,0.627801264990824,0.5488955151849672,-0.025471183118785365,0.5147621944557593,-0.21722752427918743,0.606900539028095,0.6218779745772641,0.6670051465923328,0.5222398570740557,0.6220790803917863,,0.69062806973913,0.3905545008290285,0.22821857197134549,0.7046923399335828,0.8316599717188026,0.8374428913808136,0.7134698807508011,0.6361678091582565,0.5957155952828783,0.578083156011513,0.6815534218733063,0.7515349855858742,0.6874586135468964,0.6014065822464535,0.7035859397409819,0.4926532117857751,0.838933903471697,0.5637153159751765,0.5575578819053261,0.5866625458713267,0.6549454563751559,0.3457589954299345,0.5551121539080217,-0.5580680971947587,0.6647002384992394,0.4508899936440587,0.6492786583660922,0.6765449066744387,0.5866145234456949,0.6831678559017904,0.42775770797933754,0.29318265223528256,0.6735077554457418,0.6801538055382268,0.49325337750867504,0.38576775165113847,0.5099455600317069,0.6358231018017699,0.5927221558064729,0.8357171577798026,0.00563556845950684,0.29139139283071364,-0.17098789216718377,0.5831732209222851,-0.3930536565260444
dim_5_altmodisch,0.020440526652415622,-0.29930964943386146,0.391745966560373,0.2640217349288868,0.10319556516954365,0.01635505745402872,1.0,0.5576576226941948,0.5576576226941948,-0.10384477642973461,0.2701267973822273,0.4202338120700274,-0.2333168798815285,0.049412872845809634,-0.227993898521203,-0.11515066093548118,-0.37171333567109643,0.17327378462195017,0.03479301214157586,-0.03566091452020913,-0.11895003176692856,0.13307602060129237,-0.09175615169863675,0.40772409597154613,0.11656894820957373,0.14228309732774114,0.3893652401270959,-0.26561247260060566,0.1136038661880758,-0.3984488146170309,0.25317282262087387,0.3001330576746522,-0.09671867119645107,-0.08125761868988891,-0.010840246701540017,0.3950301624076704,-0.24506452419100871,0.1531954147855796,0.13617394566155336,-0.07346601257399037,0.030780778397299802,0.021047265451857394,0.41263775862383273,0.1028357232282998,0.140620370795818,,0.03684600365810496,-0.21716675367037655,-0.07800798226687973,-0.13976277006527674,0.0028705147077973544,0.26281061344320134,0.10191651626194477,0.1136038661880758,-0.21555881603287078,0.0883054977986802,0.059248499384275254,-0.13341849156939384,-0.03249228774196644,0.2179064881584304,0.38333458255595576,0.042420688056243154,-0.29223780293475254,0.210551725648015,0.210551725648015,0.487724768827877,0.49562523351282534,-0.29401594525976743,0.21287419107412558,-0.0005091690389568424,0.1949104825916754,-0.09001982738259423,-0.18698742397166854,0.2926557880693615,0.15563689014477264,-0.17241197178387288,0.0467555815372324,-0.2479443021706893,-0.10388646493345856,-0.2965281362196581,0.10649681957279555,,-0.02586979594252269,0.199777530031095,0.4420193697576375,-0.07725262986218089,-0.08419074635111118,0.026460745190783112,0.2290732299427022,-0.044841064311887835,-0.037604268558198956,-0.13680044460118765,-0.1776739648144809,0.2532088196446674,0.16383959895870767,-0.034201410518016756,0.18766749686469597,-0.0013640176979351245,0.2125246904244636,0.6229466713923959,-0.19527762538228613,-0.08726556666684285,0.1504830020225162,0.4910497025611624,0.5190937017455589,0.002448314997569248,-0.13598291806511892,0.25142304628689466,0.09749987031730542,-0.07161547875259762,-0.14493258435449313,0.01673912219419569,-0.06438823069589183,-0.07928315627723038,-0.18438509092985003,-0.08552635646116415,0.14568482515374997,-0.13145243184740002,-0.3537266782860142,-0.1957029465207207,0.03534043831331077,0.22403581369938408,0.044086532927956126,-0.10704924613529326,0.22354889680720103,0.23307998617494263,0.10335296380337229
dim_6_arts,0.043844368024338304,0.0446174524696884,0.22196814835095377,0.34344228084112044,0.3894382907138876,0.2301404794680599,0.5576576226941948,1.0,1.0,0.21024667729578927,0.36637565924398935,0.5630904044015349,-0.19884059025077272,0.23424018091722013,-0.10678908964012254,0.3118931612836303,0.08224360395505727,0.2900349715358779,0.5138630345145007,0.10005515591390211,0.38257858776085896,0.23453888852993002,0.25913031129359926,0.7961597272143753,0.21288933403658916,0.16135545135441234,0.20969047494968585,-0.14019833529886383,-0.148076633313671,-0.09996029910197195,0.5011729600236277,0.4659717268459074,-0.3067540989921775,0.11734593461719997,0.21493653534882143,0.5391765421058212,-0.1742602734824131,0.07917104706522016,0.4028446785476339,0.2829284885515241,0.3576555597059153,0.5653945072503226,0.7395998552670245,0.5797028643433833,0.5579465454701193,,0.18325467010651753,-0.2333581911229443,0.1942598027665826,-0.03131485871805545,0.4285280492661671,0.30325693760571876,-0.004696204437747889,-0.148076633313671,-0.1873346567128431,0.41963716826544745,0.3514677356824793,0.06826351512724778,0.06486102354872575,0.6286968925717284,0.6884386230973046,0.5267771810495163,0.0759497962210202,0.2984212612792849,0.2984212612792849,0.6672710803193753,0.5299081863886408,-0.06045506451493216,0.27819542400427416,0.4416727951512319,0.22381181464021835,0.31144470731896307,-0.2460083909913688,0.6016352784265353,0.6467531021104338,-0.23150629513932813,0.4220771176762306,-0.12330881334536764,-0.07793884417878043,-0.3128827721068633,0.47606963736314173,,0.24703624782748243,0.6609549259229629,0.8171846029193255,-0.13547594048478853,0.008824231625609023,0.06576742967396776,0.43926164689763353,0.4668672108041724,-0.1927914609300395,0.39562287076361097,0.05779008313655554,0.5922371708495742,0.5438712531822115,0.4787350921904938,0.5331074563148839,0.48285456988711256,0.4714875662706165,0.4769205668470275,0.12674625332272188,0.3618168920804537,0.546603425662303,0.5423408787805604,0.5429594021463746,-0.39475586910123667,0.13220724532539405,0.5091727365718978,0.27446070920052684,0.07477590491401323,-0.09738040091118776,-0.000648582246778397,-0.19383609315723674,0.29853163185541315,-0.0579034006831925,0.12366640586236702,0.3642418727567486,0.17969890035195685,-0.08821483118357698,0.12680117851581818,0.5505168847775391,0.4594569250214477,-0.023017457675578043,0.3280153837386187,0.5401722336774013,0.5352886229016562,-0.32589296971714654
dim_7_arts_2,0.043844368024338304,0.0446174524696884,0.22196814835095377,0.34344228084112044,0.3894382907138876,0.2301404794680599,0.5576576226941948,1.0,1.0,0.21024667729578927,0.36637565924398935,0.5630904044015349,-0.19884059025077272,0.23424018091722013,-0.10678908964012254,0.3118931612836303,0.08224360395505727,0.2900349715358779,0.5138630345145007,0.10005515591390211,0.38257858776085896,0.23453888852993002,0.25913031129359926,0.7961597272143753,0.21288933403658916,0.16135545135441234,0.20969047494968585,-0.14019833529886383,-0.148076633313671,-0.09996029910197195,0.5011729600236277,0.4659717268459074,-0.3067540989921775,0.11734593461719997,0.21493653534882143,0.5391765421058212,-0.1742602734824131,0.07917104706522016,0.4028446785476339,0.2829284885515241,0.3576555597059153,0.5653945072503226,0.7395998552670245,0.5797028643433833,0.5579465454701193,,0.18325467010651753,-0.2333581911229443,0.1942598027665826,-0.03131485871805545,0.4285280492661671,0.30325693760571876,-0.004696204437747889,-0.148076633313671,-0.1873346567128431,0.41963716826544745,0.3514677356824793,0.06826351512724778,0.06486102354872575,0.6286968925717284,0.6884386230973046,0.5267771810495163,0.0759497962210202,0.2984212612792849,0.2984212612792849,0.6672710803193753,0.5299081863886408,-0.06045506451493216,0.27819542400427416,0.4416727951512319,0.22381181464021835,0.31144470731896307,-0.2460083909913688,0.6016352784265353,0.6467531021104338,-0.23150629513932813,0.4220771176762306,-0.12330881334536764,-0.07793884417878043,-0.3128827721068633,0.47606963736314173,,0.24703624782748243,0.6609549259229629,0.8171846029193255,-0.13547594048478853,0.008824231625609023,0.06576742967396776,0.43926164689763353,0.4668672108041724,-0.1927914609300395,0.39562287076361097,0.05779008313655554,0.5922371708495742,0.5438712531822115,0.4787350921904938,0.5331074563148839,0.48285456988711256,0.4714875662706165,0.4769205668470275,0.12674625332272188,0.3618168920804537,0.546603425662303,0.5423408787805604,0.5429594021463746,-0.39475586910123667,0.13220724532539405,0.5091727365718978,0.27446070920052684,0.07477590491401323,-0.09738040091118776,-0.000648582246778397,-0.19383609315723674,0.29853163185541315,-0.0579034006831925,0.12366640586236702,0.3642418727567486,0.17969890035195685,-0.08821483118357698,0.12680117851581818,0.5505168847775391,0.4594569250214477,-0.023017457675578043,0.3280153837386187,0.5401722336774013,0.5352886229016562,-0.32589296971714654
dim_8_bad,-0.0019434132095468516,0.7126985023051162,-0.03860559828003763,-0.04775664299964854,0.3126791278677818,0.42650369328580173,-0.10384477642973461,0.21024667729578927,0.21024667729578927,1.0,0.3617645039311804,0.46847777025718107,0.45955955007817156,0.5909543623015219,0.2747708235595679,0.7722187897730199,0.568480127274125,0.7265812487727793,0.5579220823936902,0.8182926330013607,0.2819738374747867,0.5964896123576953,0.8785642907370295,0.1818418981741827,0.651792275834702,0.047927223281165277,0.24241962447734658,0.6570598834981347,-0.11229841021925978,0.6030779893557436,0.5997227337968376,0.43167906394134825,0.0371216146770129,0.7076877831045733,0.8374854983240028,-0.0828790080159011,0.3295298285998354,0.29481347490455256,0.488685899854186,0.7016035067636206,0.6755673410707138,0.6362025558696178,0.3659925087621045,0.5856022687504117,0.46900633893398824,,0.5282909720205845,0.604674519235818,0.7682844304034808,0.5946650932969217,0.16348459906733384,0.4313587293198347,0.45015632445503584,-0.11229841021925978,0.4146844806207043,0.7100790859278592,0.6920463379508901,0.55732921349382,0.665151381578691,0.5754245011439312,0.5234491345920366,0.6264753154265491,0.3980132304512844,0.35956966052707307,0.35956966052707307,0.2038844670078062,0.014209040407724326,0.6923196617054895,0.534463722670844,0.6815188693167659,0.3958036939367108,0.5700405302916303,0.30447372374857157,-0.1775409133939032,0.635881251073698,-0.2692489158513821,0.711151440047698,0.44319585256041155,0.4264718964660668,0.333858183276907,0.6275063744966097,,0.3507593827676851,0.47013053743924044,0.05187695359338655,0.5144770861560333,0.4967916784526731,0.4171165752066162,0.5564652181112472,0.5835304170533824,0.038009638491611666,0.655035183678668,0.6992587624471915,0.4916060117795961,0.6128651541360269,0.5745405275022676,0.725860209161331,0.8294601610911794,0.48087282134637727,0.25577945264379603,0.42160928207378207,0.5298728677590581,0.6293935019064256,0.5596804853471445,0.32156871815943544,-0.6111820020896044,0.695928565785253,0.7779514209357403,0.737949610711568,0.6701256166754395,0.6889326032644141,0.5463759530120719,0.39821055142624456,0.8720366384603703,0.3164592114963703,0.27452269745001406,0.6861300319759616,0.724425111182282,0.8131837164452856,0.6125266449408808,0.6163924439695241,0.6227037010166906,0.3011708608800408,0.4165537051530841,0.04449372224429188,0.5981999039045924,-0.39877865443144017
dim_9_basic,-0.030099151360641486,0.21982055750344098,0.14680340284849444,0.09614690493490818,0.14264247850950754,0.20205001152969176,0.2701267973822273,0.36637565924398935,0.36637565924398935,0.3617645039311804,1.0,0.5670479016105784,0.18071782722776553,0.2996992020947852,-0.07998483606664215,0.2774870328788917,-0.044484116128155386,0.4279227989526086,0.5157227492787991,0.3468415882893327,-0.06921852449604957,0.4987319625403795,0.3803304790237434,0.24999851730825381,0.1863074845968594,-0.2776506175894756,0.23591487320382096,0.02073645838036094,-0.24334610435899645,-0.13555479295122982,0.254949089047075,0.5444005215388484,-0.09401776424351259,0.25354882064159695,0.3292519470339168,0.1878240136591672,-0.2263415771934997,0.19667467642053557,0.32161153046337076,0.26604188596566114,0.34755057215247903,0.44739413460281985,0.22701890915978368,0.5453856928209047,0.4957027132135178,,0.4396893659486569,0.3075980759470568,0.060706123719329395,0.18901729006177947,0.17994333292896061,0.6371991425103729,0.10611764919416256,-0.24334610435899645,0.07982764975810619,0.43744036179228624,0.36408543332730414,-0.07041173002700259,0.33935099895486515,0.352401627200738,0.45102184138609885,0.4719545926070579,-0.04916131316777692,0.04940812547871294,0.04940812547871294,0.3315295496050255,0.2896140893972579,0.09854656649993655,0.5176732510923951,0.22803796417018166,0.14403776311538008,0.16044205919531196,0.03086942244408012,0.15341590791136994,0.533854506264167,-0.0005136591006282338,0.19224065337896307,0.09359298680135529,-0.1571014183945403,-0.049847304576483696,0.4386016826555733,,-0.04228794944692251,0.3404696060597874,0.1920824742401573,0.19357075450874464,0.17385317509904535,0.21199608484509047,0.29260539282319425,0.10032408672831551,-0.24080228405450063,0.22495309218885073,0.015428941261378195,0.15117976106862732,0.33199622500157333,0.1652453914465158,0.3829070379571852,0.463112994446425,0.22139763596315723,0.3094965808541361,-0.17244072216810605,-0.09447540873332778,0.21991498889307917,0.43884686632486686,0.35782386183176884,-0.43121112588104527,-0.0015873961086550986,0.5088911928920308,0.32394548472811624,0.10915295622385121,0.22605535221701586,0.18243281100645806,0.03464972152294953,0.44120844312230445,-0.05574815669959128,-0.07450307143045,0.44594431673069895,0.27284479254446287,0.1470098406334017,0.08004021844735724,0.26599564042288587,0.4176372011895393,0.3630005618877828,-0.05832085412990191,0.2515151695306452,0.6114408780012045,-0.16146579508892894
dim_10_beautiful,0.009929126114545325,0.29932339160268073,-0.10691235122068865,-0.01616128165507167,0.5732267016146653,0.5711662127280053,0.4202338120700274,0.5630904044015349,0.5630904044015349,0.46847777025718107,0.5670479016105784,1.0,0.16400439701779718,0.6351442257570449,0.014845639076097745,0.5882715843445849,0.2549534820556852,0.7614975411798801,0.5709150950243891,0.4932428871926062,0.20102935743708744,0.7920725221414671,0.6087922801025536,0.5526129676927268,0.3912937207073447,0.12359106582475649,0.6363539855932165,0.1921685370296873,0.09259332057125091,0.15283071803940593,0.4520188612648476,0.9236329368808276,-0.025327326669970767,0.6234506940539833,0.5619862637964405,0.10507719567233839,0.0297421122240849,0.5824082870351531,0.727493276054668,0.6428103335726089,0.7103027894521091,0.5197070462518077,0.7093611429816071,0.5346059055340652,0.5486154942816609,,0.6371035783043838,0.18785094721928175,0.34550163565693165,0.41021428829041223,0.2199819375049394,0.7822593934504302,0.5195088176897895,0.09259332057125091,0.1930358341267238,0.704422968667034,0.728650634026245,0.3889326693208033,0.610918569569299,0.5829912150659294,0.734184141690271,0.44299354959039183,0.02613652019305413,0.5407242355817473,0.5407242355817473,0.39172020469812546,0.342008338035002,0.3980772466216455,0.6697809003382645,0.5420161028557043,0.4419047216597925,0.6435862723268954,0.1426819024567549,0.21221304758014806,0.7635667664082614,-0.10616380532534786,0.5854884982893903,0.11351605949449317,0.33605809676271997,0.15357954442337335,0.8303279275689,,0.24443469719076522,0.6250980161955948,0.46397982414001937,0.40003584271873793,0.4544237116802432,0.5115294320240511,0.8583043561301072,0.409995418361791,0.09731701327314515,0.5090250038550871,0.37375076697456333,0.6086514001609573,0.7095116563161554,0.5425106917715873,0.7453450521822013,0.654206024293493,0.693285930577984,0.615384690151328,0.18087099198681292,0.32039586576666523,0.5313160453163732,0.5387202299000381,0.7399168962175762,-0.6290468586328347,0.483928781214954,0.7545734641558364,0.6731710076843088,0.4812493301495181,0.32784254661690215,0.5730497932368867,0.06808206880621473,0.4039731799734638,0.1513782078759145,0.21135726371596106,0.7041951280148556,0.38195226058250736,0.29212842446066123,0.48534344909136784,0.6354990048929238,0.8165590703977011,0.10788277807233933,0.27735200952565875,0.20781815798959027,0.8417914665668623,-0.41172009877352556
dim_11_below,-0.0463153044101975,0.7992484281929016,-0.4012957277470864,-0.44737004638979566,-0.0451982739209811,0.23422917488418135,-0.2333168798815285,-0.19884059025077272,-0.19884059025077272,0.45955955007817156,0.18071782722776553,0.16400439701779718,1.0,0.44545514020983534,0.15669915608238655,0.2539516449287301,0.18468119993713564,0.4345810457650969,0.08032718115266071,0.6335326595452286,-0.12501055138792433,0.30623106012249174,0.4597131760682054,-0.29251225063331376,0.42448520146770424,0.27668399069380334,0.29857184057919245,0.44942129520991986,0.009934686093171136,0.40069998290572295,-0.04138339826579472,0.13686240350339876,0.2695769659910959,0.43682902651198185,0.5024146495160848,-0.5395324013958387,0.42569466821166524,0.23285822071643902,0.20392181507316004,0.27917831190992426,0.2078273211410735,0.03099489971582565,-0.12405617415294153,0.03535372562151552,0.039194839095940376,,0.3447989971669686,0.6796001951015677,0.33905237475940947,0.3566519257688161,-0.2639886062220965,0.41357743415374476,0.37999204843975787,0.009934686093171136,0.6622604076002407,0.30599760467543763,0.28541074177256287,0.45700037918196534,0.48247458520452396,-0.011905497039958501,0.04475778982055284,0.0921272795813646,0.3439096812845195,0.1612355343449038,0.1612355343449038,-0.11062609670747489,-0.07466245943407089,0.48513306374598125,0.26590806276093787,0.13473609485742777,0.131428806036146,0.12324185148017665,0.5583092966651311,-0.44964254313693397,0.010120043968661372,-0.010717616493580006,0.1344248260488364,0.38410525199828666,0.34985221770871644,0.5327654535401674,0.15320096019588186,,0.06443593894272803,0.14088685086032426,-0.2976784060663551,0.5453512406188215,0.29631485047472783,0.2582807499111769,0.3059906927644028,0.046435850293477,0.15832314388861282,0.13350954899414647,0.4485148747205062,0.0286379780352308,0.12036300998376966,0.01509256135333555,0.21566195184448217,0.29958750470862827,0.12840111511025012,0.14309868793228614,0.08163366139379685,0.07324323474155493,0.10916574125992874,0.07515844011210598,0.020474073840118633,-0.3939029262783021,0.2906027775613263,0.3416823904076329,0.4345275548431272,0.4725478880468623,0.6847238402272937,0.5788905733959296,0.48438428645086096,0.3474003823428088,0.1469698339058614,0.02243717058496933,0.31283852117655186,0.5345138406503711,0.6185482418628666,0.40683228293814006,-0.031099478356402734,0.2962473630065427,0.4589417541628044,-0.09033101394920548,-0.411369622652182,0.16027840571002036,-0.26601508754195363
dim_12_big,-0.009660700926093025,0.5793173003710672,-0.25877249718413076,-0.21674145453750396,0.48980225858682047,0.6701532652670006,0.049412872845809634,0.23424018091722013,0.23424018091722013,0.5909543623015219,0.2996992020947852,0.6351442257570449,0.44545514020983534,1.0,0.172354422267749,0.6543395786422173,0.5016299069460194,0.7874519314655997,0.35675392369558073,0.7264702505697559,0.31524962544710017,0.6099136576298096,0.7158919658395444,0.3509878495333201,0.6002666873754025,0.2504472082359188,0.6192729265145374,0.5861623863558995,0.2784898071508934,0.5100852880134704,0.4722091831207436,0.600352078439279,0.3155055335408914,0.7628919730358755,0.6941903292231835,-0.24128205756378154,0.38740673343810555,0.6958348270817328,0.6592279874458499,0.5917421890602356,0.6015749518411089,0.33063047120415356,0.5248775389272828,0.26533492901914524,0.25100851702236787,,0.7079064861147408,0.4712548847020862,0.5039924946284009,0.45844681213737104,0.09687436707445082,0.6726457652559378,0.6666926394949706,0.2784898071508934,0.636067389953948,0.6320769583389951,0.7123021924997509,0.6593544700500639,0.6513611927437785,0.4610634405121881,0.3826456474709972,0.3215436353393991,0.3468325765269429,0.6390957641197772,0.6390957641197772,0.17117144023072162,0.06454593898944413,0.7274511682478587,0.6524885856525509,0.48855090058331674,0.6146040481316578,0.5248292196888485,0.5798225307637466,-0.06781416153491852,0.4903531531010837,-0.15047202489329098,0.5964248696060231,0.5075475925587538,0.5349664639685707,0.4380795919530897,0.5773836600094895,,0.45358959586295605,0.49192990867496283,0.1691186286421428,0.7497430941792451,0.665620114304307,0.6586008501181628,0.7790027595064989,0.47750075780908363,0.36498423228923005,0.5282942536940664,0.6676504800064427,0.6465735197124961,0.6867064248122909,0.5616576064608954,0.6728516269849106,0.6057352882500984,0.6116947226977736,0.5877985570228207,0.4802375225748718,0.4748158891836803,0.6570784185504108,0.46853917827808855,0.5592937901122208,-0.6136475660719272,0.6919895178604516,0.6223757807139049,0.722108427885773,0.6817515957801975,0.5856694212780703,0.6689539204606142,0.4299004524394061,0.5105085716974271,0.4931896681026332,0.4107095636862485,0.5273528115357454,0.5488344965837618,0.6129078629442769,0.7053223384070093,0.5484807600551155,0.7866148330916946,0.2724925080418779,0.27354196295039196,-0.13936178053918236,0.5748223556261024,-0.355222469025199
dim_13_blue_collar,-0.008010987819514483,0.263388126975791,-0.1914504742379534,-0.09641436032257013,0.11738309321323719,0.11891126269847195,-0.227993898521203,-0.10678908964012254,-0.10678908964012254,0.2747708235595679,-0.07998483606664215,0.014845639076097745,0.15669915608238655,0.172354422267749,1.0,0.20182804189546436,0.2996952727306471,0.16346858766983585,0.19732327115829468,0.21385126527257245,0.050934268583627595,0.16581199072716232,0.2670771693537396,-0.08364197780454931,0.1955789184770398,-0.12680936465883738,0.054921561360796664,0.2390815548351443,-0.031004423452979872,0.2921934765363482,0.13877917674433343,-0.001498492335866659,0.23472315261069443,0.2705193632641905,0.25427591864518234,-0.1450707604052078,0.12004744601228115,0.24484149833278704,0.12680127134931504,0.30864501190618365,0.2940880710248974,0.22100934387782584,-0.010187507772006053,0.17688653056577155,0.18558714285768577,,0.10365422535708307,0.13832606298866448,0.20123009153102334,0.2932706221103368,0.019474999585265166,0.047221693548817764,0.17574166089767435,-0.031004423452979872,0.3098507940478578,0.22526194653694004,0.2331475499133198,0.21036435520166988,0.2875656409034285,0.04948229643520131,0.0024254045369302506,0.2876860396229344,0.16230124740960208,0.025011359454282324,0.025011359454282324,-0.17757541514297606,0.006392551095822498,0.27009417714737854,0.06712315320898174,0.25368209264267044,0.044956656778463076,0.30133618799040357,0.26137101995528167,-0.17642835821983363,0.10316494736346159,-0.20577002228374122,0.22307223959907413,0.13069095993184918,0.19496181520030945,0.34889127963923905,0.1937170708665034,,0.18499938858191403,0.02001713281905292,-0.11614997347578118,0.1473452150660617,0.16908370648076243,0.12266798573204223,0.0991786995270786,0.21717114867227091,0.27284474078117704,0.33780393603412445,0.286256565529122,0.09899710919428212,0.17411771957365485,0.2033824598394943,0.1399031991511053,0.20438161038370004,0.14978688530737713,-0.06761226063805667,0.216403798564897,0.24143996940090193,0.17763282595353327,0.0393284782908001,-0.0927589869909215,-0.32850611756171344,0.27493329936638666,0.17188298598350024,0.22310089130714414,0.2260743883931935,0.24166993416490243,0.16731236384039933,0.171709718438193,0.28597906496575326,0.03581410751841509,0.10516891895183687,0.2302300987268107,0.23440640052722095,0.29353748639307314,0.25027971235785795,0.1654821891665973,0.06691068041767662,0.2750838275335649,0.4349368936514998,0.04644194449664699,0.12522096622712603,0.06715669777859529
