,success,dim_0_above,dim_1_african_names,dim_2_african_names_2004,dim_3_aktiv,dim_4_alive,dim_5_altmodisch,dim_6_arts,dim_7_arts_2,dim_8_bad,dim_9_basic,dim_10_beautiful,dim_11_below,dim_12_big,dim_13_blue_collar,dim_14_blunt,dim_15_career,dim_16_cheap,dim_17_children,dim_18_closed,dim_19_community,dim_20_cool,dim_21_cruel,dim_22_culture,dim_23_dead,dim_24_descriptive,dim_25_design,dim_26_destructive,dim_27_innovative,dim_28_responsible,dim_29_TheRebel,dim_30_appetitlich,dim_31_electric,dim_32_emotionally_stable,dim_33_ernst,dim_34_european_names,dim_35_evaluating,dim_36_expensive,dim_37_extraverted,dim_38_extrovert,dim_39_extroverted,dim_40_family,dim_41_fascination,dim_42_female,dim_43_friendship,dim_44_functionality,dim_45_healthy_positive,dim_46_healthy_restrictive,dim_47_impractical,dim_48_inaktiv,dim_49_winner,dim_50_indulgent,dim_51_cold,dim_52_innovative_rachel,dim_53_inside,dim_54_introverted,dim_55_kind,dim_56_kompliziert,dim_57_lazy,dim_58_lifestyle,dim_59_lustig,dim_60_male,dim_61_math,dim_62_modern,dim_63_modern_2,dim_64_music,dim_65_musical_instrument,dim_66_nachhaltig,dim_67_natürlich,dim_68_neurotic,dim_69_new,dim_70_diligent,dim_71_outside,dim_72_performance,dim_73_pleasant,dim_74_bargain,dim_75_polite,dim_76_power,dim_77_practical,dim_78_protective,dim_79_sympathisch,dim_80_safety,dim_81_science,dim_82_see,dim_83_show,dim_84_small,dim_85_sustainable,dim_86_sustainable_2,dim_87_attractive,dim_88_teaching,dim_89_technical,dim_90_TheCarer,dim_91_TheCitizen,dim_92_TheCreator,dim_93_TheExplorer,dim_94_TheHero,dim_95_TheInnocent,dim_96_TheJester,dim_97_open,dim_98_traditional,dim_99_TheRuler,dim_100_TheSage,dim_101_TheWizard,dim_102_traditionell,dim_103_trendy,dim_104_trust,dim_105_trustworthy,dim_106_ugly,dim_107_unappetitlich,dim_108_unattractive,dim_109_uncool,dim_110_unkompliziert,dim_111_unnatürlich,dim_112_unpleasant,dim_113_unsustainable,dim_114_unsustainable_2,dim_115_unsympathisch,dim_116_untrustworthy,dim_117_unwirksam,dim_118_valuable,dim_119_TheLover,dim_120_warm,dim_121_weapon,dim_122_white_collar,dim_123_white_names_1998,dim_124_pleasant_2,dim_125_volkswagen
success,1.0,0.04847104002088936,0.018659917253504327,-0.012590307294033636,0.009739061701440904,0.04512309970817479,0.05105456276969411,-0.03128754289827124,-0.03128754289827124,0.05991242993661584,0.013672933174298789,0.05118544819262371,0.042676127604234095,0.043927319798463066,0.012577043084750621,0.04332553036219609,-0.03722154616130811,0.044601026279993336,-0.03496571063245743,0.03533296235002865,-0.0753874581993916,0.08863630234621163,0.0510375923891377,-0.028506469062352078,-0.012443399517615538,-0.011935415741266053,0.08094139705604532,0.025405936828659204,0.05158906332196604,-0.0364883045347219,0.04410104989215553,0.014854341352912746,0.054265378389306444,0.05886935370142829,0.04041491201665919,-0.02104901057239173,-0.0828559450340703,0.04599682933814564,-0.0002359164024914921,0.0069287628429239925,0.015350109634804014,-0.03766545938232585,-0.006781456438430063,-0.020380846424204794,-0.05458668122154812,,0.031555739008238055,0.06098769554048825,-0.0012044362395761993,0.06858094111634742,-0.0718655554270646,0.018332580146863422,0.05362666531921718,0.05158906332196604,0.02431445655291919,0.006137974304649026,0.043678722287536366,0.011880207542616024,0.06700988346971858,0.033572290849614626,-0.006959885117669004,-0.01491801181906768,0.022393409785926983,0.005483903444788634,0.005483903444788634,0.029642233202778014,-0.005322173835749928,0.031764305293506205,0.029178945523637086,-0.019821830368996537,0.05847534883659593,-0.02481639551084534,0.06250027598798935,-0.06432699913226732,0.013709365772916137,-0.02528953904706337,-0.02795519732742267,0.12803728287455396,-0.00940169191365935,-0.005684233082322841,-0.008390647710902668,,0.008968325650068497,-0.017521062550386258,-0.043501892870967396,0.04942078400421485,0.027964081694244667,0.027770217886893832,0.018886818343785913,-0.031250308651762995,0.063504071373542,-0.03347235348840963,0.036988780837829346,0.004523237375582293,0.004121861337636632,-0.018056007386460987,0.04610341689317571,-0.008962349991986985,0.028926567613016128,0.04099804889126895,-0.01468595319525307,-0.03816400723187847,0.01967782923673824,0.017475203087975632,0.0020679714917810105,0.04286434054043329,-0.010858953154523465,0.02614945608946121,0.049933523643914464,0.03807547225408408,0.08752383526604676,0.049740694716761645,0.04046344084363539,0.03744593305668424,0.01827147561903997,-0.02019272948944258,-0.04474056998979308,0.025989231083152927,0.04704335906767885,-0.01829992626770937,-0.02093012499018477,0.0343370155611019,0.09636731658372626,-0.08867183234933668,-0.029380137807200748,0.04229257279663338,0.08624830754547083
dim_0_above,0.04847104002088936,1.0,-0.5443423427490408,-0.47245386647005255,0.3454925235284151,0.6525711364307706,-0.4789563335175586,-0.1305880196621921,-0.1305880196621921,0.7101083952659757,0.3215370435557682,0.2752377258042237,0.8976324362557059,0.753850862655263,0.40754478942727124,0.6976826814620508,0.6742142335012433,0.5840873993010572,0.43627201473579763,0.8326936973173367,0.36261809812496254,0.5776505027269129,0.7836691148126513,0.004024918501716853,0.5985361934383566,0.2860809027280022,0.42543810713540126,0.7529077409346673,0.13612181574277055,0.7763517024633966,0.2934673119543412,0.22419510639789997,0.4180612776217093,0.7862644302387899,0.7534554162866254,-0.567458722115793,0.5586098282218385,0.4885484669775709,0.5505270801073212,0.6103610095731509,0.5342780927800683,0.4155247213465984,0.02871930443194407,0.29194683015433515,0.17497262452908144,,0.6779747464929015,0.7786853325818937,0.530934912097567,0.6852605194234094,-0.08754191185117197,0.5882447455445461,0.5472888161875163,0.13612181574277055,0.8032976238318198,0.5739848407167707,0.6768041286623571,0.7089143045643465,0.7413728581269082,0.4439270144768443,0.06596867758744658,0.4667727149420515,0.677277868157662,0.4278502291377558,0.4278502291377558,0.10250500029010831,-0.163325563701029,0.8417408580662908,0.531313274115509,0.5280402149625577,0.39684267136321494,0.4111244761489381,0.7431056884954144,-0.40455813246552025,0.35535059051696133,-0.042810383218137245,0.40098447321096786,0.6867829476329095,0.4831432544990326,0.6045800413525528,0.3598470143079968,,0.3673725287542179,0.24401426873583562,-0.19998819603307236,0.7732590969750941,0.6758774717493422,0.5968055415865463,0.44565522186946455,0.5099819601465918,0.3248229256783748,0.5774914960286834,0.7890054821455528,0.4325571296994929,0.48558329654298277,0.4443606728562552,0.6134392020419607,0.6132184400172823,0.3758869920121291,0.32823386219556433,0.5684749341167443,0.4025736919095713,0.5490358420879952,0.2810132027012765,0.24236018683029092,-0.6495275339981983,0.586770237950263,0.41029077766146327,0.6802295803803486,0.7488409515294026,0.8101068595583351,0.6417926907498988,0.563496440786462,0.6833377215190785,0.5804226642996234,0.42579252507965953,0.3867999998528375,0.7629382374865417,0.8870688215858904,0.7351408597912107,0.4022271150149984,0.6306885124524617,0.5800068559747565,0.11275581624357527,-0.5397474982170989,0.44212333186696406,-0.36476838751620416
dim_1_african_names,0.018659917253504327,-0.5443423427490408,1.0,0.8511087943714021,-0.4013442690379791,-0.5803412897442,0.4845599788550741,0.30594911538404357,0.30594911538404357,-0.19078856184089193,0.02058047326734565,-0.1332194996416913,-0.5834069931278256,-0.45367995168749137,-0.37454403023921723,-0.29367713763929015,-0.567919917888085,-0.36757243340237117,-0.14441221675867658,-0.47928982874987613,-0.28561661864716764,-0.37490822372202876,-0.4238013136196693,0.0670492314267089,-0.3764449768786998,-0.46867235717365663,-0.3758330937501263,-0.5295192238839909,-0.35308885206094526,-0.5868751186448197,0.22607647639888867,-0.21404236649404473,-0.5794377971004968,-0.5222177015714088,-0.41847605433095897,0.8109045046731943,-0.586235992571204,-0.4110277372498495,-0.5128011463336446,-0.47964003349159495,-0.40014647423510535,0.026024879412021147,0.07637129702206828,0.20884253374375478,0.08121507814815809,,-0.4649155963354721,-0.4784894201257166,-0.2923218574607573,-0.6008411031843783,0.38406596111033503,-0.3892998038198426,-0.4767374247927624,-0.35308885206094526,-0.6382545126070229,-0.35156020352490264,-0.443819601363184,-0.6223390500520919,-0.5868070829133619,-0.04629397064786905,0.07597434910914205,0.13600792717004562,-0.47167599460184023,-0.41590590631788477,-0.41590590631788477,0.325361586572765,0.28221885176772116,-0.614197419181313,-0.37718328133437756,-0.29573873327413863,-0.21875868361421785,-0.37568559201509905,-0.6110647026847414,0.4157075411599153,-0.04675940288832381,-0.14514037260407683,-0.19772016643553775,-0.3634241419491287,-0.6060073995347928,-0.6821538499675686,-0.2892028475829344,,-0.3709841497266701,-0.0183856974262452,0.27262395509387144,-0.6199976216566236,-0.5967024874764263,-0.5628506302561432,-0.37914646942181685,-0.34826839998782916,-0.5250455480228173,-0.37088057363348087,-0.4937358333600161,-0.20262558452549842,-0.23316169743793833,-0.15883571500480284,-0.2740323879733247,-0.21320979426313114,-0.3402702376775843,-0.19780828459339983,-0.35784903666005297,-0.3283787012425257,-0.2080144194917992,0.12109425716460077,-0.11663567769266014,0.5089775661541922,-0.431346383523662,-0.0933641622624084,-0.4175931429383955,-0.5635297048583937,-0.4765890154330753,-0.5801302813003983,-0.4088250107648176,-0.059249068588224145,-0.42746068429516726,-0.4997498797750766,-0.2582493605993861,-0.40624816043487116,-0.5262268895883947,-0.5800114425821031,-0.10513286872381138,-0.3889149793436073,-0.14935926885546033,-0.062482979253820535,0.6159101622107461,-0.20003359289124648,0.41958579417064773
dim_2_african_names_2004,-0.012590307294033636,-0.47245386647005255,0.8511087943714021,1.0,-0.2807042808623721,-0.507996253497591,0.398439343700385,0.4673653298989479,0.4673653298989479,-0.1275919350987599,-0.00599512446615085,-0.022875551130185565,-0.5913807758858508,-0.3545230723723451,-0.25219547002816034,-0.1655727981291305,-0.3981320017683048,-0.2993256959123928,5.364677618528172e-05,-0.45636180101548507,-0.07685627302036355,-0.34033048154311263,-0.32475395368149457,0.2566068360390231,-0.3034507389524743,-0.3928789486281194,-0.3776785633814508,-0.5059703818148513,-0.3927854180952583,-0.4372642536582928,0.3778404640606467,-0.0836112590033152,-0.6315560779268871,-0.45252126681167154,-0.36218160164345986,0.9117316399167489,-0.5021870092508098,-0.3457485851753199,-0.3958624632707594,-0.34270007582337114,-0.2792020390902308,0.20091112973966,0.2439889991446139,0.353181389833322,0.24453627202423425,,-0.42911242978123,-0.5594863091262628,-0.1775008503988409,-0.5972214165456697,0.5553845962915337,-0.32424908320935464,-0.4533388270258822,-0.3927854180952583,-0.5980593941358064,-0.22036075965928983,-0.33719169507508534,-0.5121939570514513,-0.5585004812555924,0.08771239069106093,0.20841313483893878,0.27933040761243366,-0.4621886539057942,-0.2703294962720764,-0.2703294962720764,0.3854181211742521,0.29387742001302364,-0.5348884934492241,-0.36549300599809154,-0.09434711682378226,-0.12690255886894844,-0.1818841524734193,-0.6349104900103574,0.604000602236969,0.11472966263319216,-0.23751335288647496,-0.010451291933948805,-0.41636177642324457,-0.5202209030158851,-0.6517514826637558,-0.12493452196859126,,-0.2779118181537909,0.19453446654839823,0.4820040060861933,-0.6423769590502697,-0.547015002833649,-0.5289726889229173,-0.23497683875753683,-0.17104735044835168,-0.5549023789081844,-0.1743653570326485,-0.42440061078137514,-0.04832160288207247,-0.05842949718156864,0.05613229102395388,-0.15749003214264937,-0.04717032493001515,-0.2074209093680463,-0.18583364285778994,-0.20214171221681054,-0.1326675651282375,-0.053540862724188405,0.15675046006562765,-0.007617590752433112,0.37361623634656266,-0.2800851402059264,0.01494427400160482,-0.35337666168403553,-0.5154357512227195,-0.5210752975444162,-0.5491400766474367,-0.49514992882984293,0.028853237244646453,-0.375529564557173,-0.374968217920683,-0.14848495169429793,-0.2692752296718189,-0.46210538849974486,-0.4359498220574898,0.08645626100889556,-0.28255098829133074,-0.26614002255703967,0.18038365511620322,0.7465563209727516,-0.10773232318092098,0.22122533772762915
dim_3_aktiv,0.009739061701440904,0.3454925235284151,-0.4013442690379791,-0.2807042808623721,1.0,0.8504376184322073,0.05841311513934925,0.33174149665354585,0.33174149665354585,0.4409507323933068,0.1962213606020632,0.6206005293599834,0.2068643724344416,0.6400144937219415,0.299061242451498,0.683282492544896,0.6981885347327104,0.6479622836502477,0.5217287338594117,0.5540032273535833,0.6747026413200297,0.6673372820358071,0.6475470307119344,0.6052893514629172,0.5063386315464586,0.5257932536391873,0.6437641200463236,0.5362537830471004,0.5452546177470292,0.5731169186961776,0.4511173142210704,0.6270953175541482,0.41131750162509273,0.7116021490778608,0.631273469326455,-0.24383952265804992,0.5342943971603439,0.585136686432294,0.844821073036144,0.7693704612148086,0.7922663982056942,0.41970501157123763,0.6502876191201792,0.2341999199494017,0.2813739114710093,,0.6480987477668722,0.2613519840034051,0.5518478340622871,0.645374365950924,0.1252336678992045,0.563729597065678,0.7174610867049439,0.5452546177470292,0.46922384198759465,0.7024362915963186,0.7887882018363657,0.7029122059820472,0.6784132065644448,0.6332415666155843,0.4933627854272259,0.27706905132111004,0.32618125606091386,0.7634339079576782,0.7634339079576782,0.34217106347438286,0.18927440084314673,0.6256462247142993,0.7182824820052256,0.7415442628257854,0.6067899646387477,0.7540494008278789,0.3970203366210808,0.14987068005482837,0.5857769501777462,-0.2623180165550281,0.6872371638645807,0.3008712194772097,0.7376461693195477,0.4911555139919131,0.7026687029621731,,0.7501831751743937,0.4832500159830363,0.3678732589187001,0.5627898765248971,0.7321573071907138,0.7512019340918407,0.7575868933499446,0.7894422666096748,0.5488884105627001,0.7121894628717413,0.655844801876226,0.8022248431329386,0.7560063118509635,0.7427465423691442,0.7283999697349687,0.5926959130481518,0.8977301816678352,0.6451729699192003,0.6720454544398781,0.7428587767875656,0.7219518144484767,0.4299759085373311,0.6623836292523564,-0.6229350066767743,0.7454051427191907,0.49143254458878916,0.6825353634621544,0.6738534169073006,0.4250265368122041,0.6403708820589707,0.33188659207255244,0.2704453669716637,0.647686944931204,0.7354160178558774,0.5484529709199274,0.4320756105696356,0.46734965892120556,0.6400962534326283,0.7197445797323327,0.7817388814225837,0.017116716061082574,0.44829550643010374,-0.11952539647809395,0.6254025285658699,-0.4282266392451139
dim_4_alive,0.04512309970817479,0.6525711364307706,-0.5803412897442,-0.507996253497591,0.8504376184322073,1.0,-0.15994309387157463,0.05785842132871674,0.05785842132871674,0.5571129169348729,0.2799679273597597,0.5199963521612596,0.5821560874540357,0.8343205540134765,0.3827065693946806,0.7421251084083869,0.7581660881973937,0.6791980774045038,0.42267277731928415,0.775961462042026,0.5574561204642673,0.7770827762462633,0.7945579750009293,0.3577483113447456,0.6219850530570395,0.5746204983717733,0.7571592591227821,0.7952223414000027,0.615260189000728,0.7206196947932626,0.3783033950564547,0.4779897030350955,0.69593686984895,0.8914290755224228,0.7769641957126987,-0.553136041199429,0.6237756962593122,0.6861661543015796,0.8646896265614716,0.7503318078294452,0.7338575383093224,0.3107244806305339,0.3884682335736825,0.11142360606504162,0.09137352076207662,,0.8502881640088881,0.6468275333312273,0.5140221636012873,0.8109586039710835,-0.13266229746482436,0.690656556478764,0.8490166485818221,0.615260189000728,0.7977820599122734,0.6699960721619169,0.847561131352767,0.8323729349566661,0.8670025969440227,0.5741234507178674,0.24191137036260546,0.24173512229766259,0.5404851569551766,0.7829673884498898,0.7829673884498898,0.2828321355251997,0.07631256886663391,0.8718963516619641,0.8164243513088831,0.6640351429162829,0.6653284360307651,0.5954115229583834,0.754829634447898,-0.1621498826686609,0.4516939069537342,-0.1935357448071764,0.5464641268395034,0.6801867583644112,0.7658014705278193,0.7108678065111269,0.5544583699981072,,0.766879089396902,0.35196829561962584,0.09130576001280823,0.8587706301897525,0.9139356595474448,0.9038522114330568,0.6999396286063505,0.7135288133645692,0.7196555490697037,0.6547502479899984,0.8374533925120278,0.7483764655290592,0.6951339006445773,0.6148903357819592,0.7586397293863445,0.5807690578748936,0.7871781422050689,0.6889928489106895,0.7438420574116203,0.6390747887011206,0.7437601667054187,0.3675931663595625,0.5783042230802664,-0.6829768459335709,0.7384009540876914,0.42383031078558636,0.752498408064852,0.8186730273950218,0.7486542618672394,0.8013030531653903,0.648660946291953,0.42056284402586464,0.7998422842139875,0.7672270957090496,0.46745903246915294,0.5916848127954505,0.7323058729685779,0.7616900978132015,0.5789803232388031,0.849513286686549,0.3615184640244438,0.16356480550933553,-0.5081080692737541,0.5842020091867365,-0.3782950894534991
dim_5_altmodisch,0.05105456276969411,-0.4789563335175586,0.4845599788550741,0.398439343700385,0.05841311513934925,-0.15994309387157463,1.0,0.6121453326971797,0.6121453326971797,-0.14071002112307868,0.24575090975846148,0.4443155483618581,-0.42790661803655367,-0.11492767742751707,-0.3186065422681455,-0.14990491354019167,-0.3742379129872561,0.11757889446631421,0.03628800915611275,-0.16433732723510913,-0.08994900786427187,0.06263228076157626,-0.16969776885435237,0.48061153558050784,0.0021713340596646157,0.08704066291115099,0.2617180874609741,-0.3837659340948337,0.013218519991806364,-0.45061360623884844,0.2484463451711058,0.3625010039976242,-0.2736487285227764,-0.20126676343374805,-0.08930055308486179,0.5304077734211218,-0.26685688210349057,0.09382727732754602,0.05794190483311406,-0.09086127646569653,0.015494506413300664,0.05887166819714026,0.5106790343142878,0.15743238152602007,0.23823541319709216,,-0.1082959022828402,-0.39118815123428763,-0.10309568562273555,-0.31917103907073796,0.17757051447939237,0.12786067711896418,0.02776498202465405,0.013218519991806364,-0.35348885348451964,0.05721900411683629,-0.03913483714249715,-0.21671295997862133,-0.19037474213563196,0.2180580847993219,0.43381163057645716,0.01651480292851792,-0.4815539311333073,0.1349808094566186,0.1349808094566186,0.4754670819647688,0.5743631688030197,-0.404092152477363,0.13425852390362425,-0.046120296084038295,0.11224074899209616,-0.005663325390775163,-0.3499245182220059,0.44443528463985993,0.21989498422528322,-0.246637309103978,0.11711118022598764,-0.411239496616541,-0.1144790474690304,-0.31665809215926843,0.17105389244201594,,-0.06441249743098164,0.25467743007428884,0.5376077599050885,-0.29213522606529,-0.20528007694728098,-0.07775509146776877,0.22549049898411916,-0.05697947296138404,-0.14166550745572368,-0.12771570968614201,-0.2561621052086861,0.19271190198552512,0.15248429300920013,0.0292669358070707,0.11744458758415567,-0.02832493962893855,0.20387995464370776,0.43137587289324275,-0.18206958508856058,-0.040686564768674154,0.07537814004819643,0.4587452735927618,0.45894783521814714,0.06526829966266612,-0.10873759779489951,0.2726569474508708,-0.013500918551368308,-0.20950613990808173,-0.3088662133419549,-0.055362077409836175,-0.20483761366827158,-0.16652400471744597,-0.29283543142281987,-0.12191569262532698,0.19797590214808075,-0.1811255885216981,-0.4495925826529601,-0.2654166775404097,0.11326244247432317,0.09342895522397311,-0.19107033677477278,0.06727841324218532,0.43219328826339437,0.251616952176817,0.0922729614918558
dim_6_arts,-0.03128754289827124,-0.1305880196621921,0.30594911538404357,0.4673653298989479,0.33174149665354585,0.05785842132871674,0.6121453326971797,1.0,1.0,0.21764395648034587,0.3619760447860534,0.6243034384078054,-0.30931750151112264,0.1704989166539375,-0.15565325460816853,0.27849308955032714,0.11036148976009533,0.3330126470719024,0.5476625722852182,0.0707344132100863,0.4367815932270324,0.17656681288001355,0.20297903702770395,0.8490541060123369,0.2601230567585751,0.15646439258521883,0.1670033587028802,-0.1679078678971939,-0.19165822276657143,-0.0276272797895704,0.5885883363394518,0.5662441064444828,-0.41198982783915306,0.04597681620746445,0.17868300894269293,0.6104609833343688,-0.018712692856710463,0.15796497565318643,0.3349699980581057,0.2705655088265636,0.33826296342571044,0.6226060681846266,0.8091764246911013,0.6420551875930005,0.6339134742709751,,0.09568605951616599,-0.33851562209851765,0.2631778679528687,-0.21532622155021006,0.5940660344870785,0.26737118034357193,0.04950731666741686,-0.19165822276657143,-0.19940563236799894,0.42230642217598585,0.28190177788062926,0.06151854117088616,-0.04967563693551898,0.6238914333104343,0.7379946105291232,0.5382094716141215,-0.19457411905689218,0.3245104464427653,0.3245104464427653,0.6645383381638373,0.5376642899235498,-0.10820470011790143,0.2626083783039962,0.42681268518642673,0.2068469029779639,0.4116563051387422,-0.3046027172382069,0.7087537864403702,0.6829676174730845,-0.3056730719602527,0.5328072177183573,-0.3480759554782231,0.02194178138822426,-0.2428798810341079,0.5295974017344071,,0.18703657625405615,0.7040454588706302,0.8737650760121196,-0.19547174349746874,-0.017801570121463186,0.04539826240682939,0.4935895718942864,0.4550504031354655,-0.26333169517358845,0.41141400803654166,0.017991640495616804,0.5551044883237535,0.5446370763523395,0.5356472224275438,0.47592537693217823,0.4868597377786007,0.4565106487392451,0.4174886844625259,0.17281523684753045,0.40960708470477414,0.4700440073135705,0.6374616981789211,0.5955793571365042,-0.35167995705393107,0.2427533208942277,0.594456730448708,0.24216711534377672,-0.005292629084689181,-0.23051485764449303,0.020650851187159456,-0.2477835240557075,0.2795286434525458,-0.08695943014677625,0.1482045684984423,0.4630908543845816,0.22222595562487307,-0.1355418384755008,0.15294130793535327,0.6168535590548975,0.3840629367183785,-0.24084330835961998,0.5188317485523667,0.5885488647076208,0.5451403893742249,-0.3084580965614692
dim_7_arts_2,-0.03128754289827124,-0.1305880196621921,0.30594911538404357,0.4673653298989479,0.33174149665354585,0.05785842132871674,0.6121453326971797,1.0,1.0,0.21764395648034587,0.3619760447860534,0.6243034384078054,-0.30931750151112264,0.1704989166539375,-0.15565325460816853,0.27849308955032714,0.11036148976009533,0.3330126470719024,0.5476625722852182,0.0707344132100863,0.4367815932270324,0.17656681288001355,0.20297903702770395,0.8490541060123369,0.2601230567585751,0.15646439258521883,0.1670033587028802,-0.1679078678971939,-0.19165822276657143,-0.0276272797895704,0.5885883363394518,0.5662441064444828,-0.41198982783915306,0.04597681620746445,0.17868300894269293,0.6104609833343688,-0.018712692856710463,0.15796497565318643,0.3349699980581057,0.2705655088265636,0.33826296342571044,0.6226060681846266,0.8091764246911013,0.6420551875930005,0.6339134742709751,,0.09568605951616599,-0.33851562209851765,0.2631778679528687,-0.21532622155021006,0.5940660344870785,0.26737118034357193,0.04950731666741686,-0.19165822276657143,-0.19940563236799894,0.42230642217598585,0.28190177788062926,0.06151854117088616,-0.04967563693551898,0.6238914333104343,0.7379946105291232,0.5382094716141215,-0.19457411905689218,0.3245104464427653,0.3245104464427653,0.6645383381638373,0.5376642899235498,-0.10820470011790143,0.2626083783039962,0.42681268518642673,0.2068469029779639,0.4116563051387422,-0.3046027172382069,0.7087537864403702,0.6829676174730845,-0.3056730719602527,0.5328072177183573,-0.3480759554782231,0.02194178138822426,-0.2428798810341079,0.5295974017344071,,0.18703657625405615,0.7040454588706302,0.8737650760121196,-0.19547174349746874,-0.017801570121463186,0.04539826240682939,0.4935895718942864,0.4550504031354655,-0.26333169517358845,0.41141400803654166,0.017991640495616804,0.5551044883237535,0.5446370763523395,0.5356472224275438,0.47592537693217823,0.4868597377786007,0.4565106487392451,0.4174886844625259,0.17281523684753045,0.40960708470477414,0.4700440073135705,0.6374616981789211,0.5955793571365042,-0.35167995705393107,0.2427533208942277,0.594456730448708,0.24216711534377672,-0.005292629084689181,-0.23051485764449303,0.020650851187159456,-0.2477835240557075,0.2795286434525458,-0.08695943014677625,0.1482045684984423,0.4630908543845816,0.22222595562487307,-0.1355418384755008,0.15294130793535327,0.6168535590548975,0.3840629367183785,-0.24084330835961998,0.5188317485523667,0.5885488647076208,0.5451403893742249,-0.3084580965614692
dim_8_bad,0.05991242993661584,0.7101083952659757,-0.19078856184089193,-0.1275919350987599,0.4409507323933068,0.5571129169348729,-0.14071002112307868,0.21764395648034587,0.21764395648034587,1.0,0.47058493181494016,0.5655758504163092,0.5437597919840484,0.680949711075366,0.3281907744407665,0.8383364864290845,0.6359059705204713,0.7832074126460811,0.6819439516943081,0.8281817054308823,0.43325276818726105,0.7193520965741469,0.9012144402029343,0.2670738929821102,0.6878754311097212,0.15885902822715917,0.4097867588057079,0.6695388132586864,-0.009023955518184952,0.6479007493162721,0.6415264450694262,0.5257509840336458,0.1631065285179264,0.7586393274289138,0.8566785313104962,-0.19457045207953283,0.4075189785093462,0.4500572289843373,0.6111516646774541,0.7640101777613939,0.7458580655633008,0.7026674243385258,0.3757224519595875,0.6140591954196584,0.5034147030284084,,0.6128663969689758,0.5996877319840042,0.7858531449739856,0.6357676669787942,0.12388183033097991,0.5950593838393701,0.5638114007849031,-0.009023955518184952,0.5033084240814553,0.7719497056325724,0.7697894843980043,0.6442418498818537,0.7292930612132351,0.6911975567750435,0.5198063084660283,0.6815267589664826,0.3389706511401746,0.467602745172366,0.467602745172366,0.3376035732070305,0.04984964685672947,0.7079235764990371,0.6112697662768936,0.7301968747383689,0.45001667021048636,0.6376209522324356,0.4207594926510395,-0.10232909941063673,0.7034357767677814,-0.30764284983581364,0.7249694374163639,0.4065296069716814,0.5058162638343537,0.43619418108500996,0.673321534722765,,0.4084045866125313,0.5240685174816974,0.11490801083198295,0.5671733215412648,0.5854347726327637,0.527841914058509,0.6325190079533772,0.6664345026726597,0.1450595109090429,0.7373406160054833,0.7408637714109567,0.5921833841219671,0.682238441415724,0.6358601566713198,0.7944727837284432,0.8595653405429305,0.5707236271940189,0.37346937666913976,0.5290680999488468,0.5679804665895738,0.6791677622759971,0.5855211168711688,0.45550437167012364,-0.6412465866657019,0.7318959461770191,0.7831662559769769,0.8076050512595384,0.713543021039837,0.676932963833828,0.6430631841029223,0.3887386591949257,0.8845930750610661,0.43524927506250577,0.42139793024270755,0.6745031742058202,0.8115421878232368,0.7974629041074995,0.7078086175438861,0.6762579950611367,0.7257239445894963,0.35166591953756704,0.42592770505263366,-0.15576193913306752,0.7007016278229603,-0.4200723221209344
dim_9_basic,0.013672933174298789,0.3215370435557682,0.02058047326734565,-0.00599512446615085,0.1962213606020632,0.2799679273597597,0.24575090975846148,0.3619760447860534,0.3619760447860534,0.47058493181494016,1.0,0.6321531073892849,0.30514850023038254,0.4118030445090902,-0.021246572895479314,0.40975974120291286,0.12086097075782058,0.5209878867813762,0.5596627626605049,0.4753880386802616,0.04150184040101959,0.5676941554584962,0.47226100110949776,0.29234952332800634,0.30531278489884545,-0.07457255575647631,0.3550839806127883,0.18078639220010645,-0.15560263707093347,0.08136406239805073,0.3094809630042549,0.5612381219702347,-0.037510878939386705,0.3859570831923733,0.46389246875659207,0.07218971125622925,0.03321521808772339,0.31285475466029783,0.427015881017885,0.36871699208160374,0.4185432047102292,0.491485780242105,0.2749633526344369,0.5753451866607103,0.5055344592354912,,0.4882987724002945,0.3573076894221861,0.16659788429981143,0.20063051600980428,0.1644380515364657,0.6646733066928391,0.29866453854119607,-0.15560263707093347,0.2361526223697626,0.49199499921536133,0.4508665966001074,0.16519630863414228,0.3770153899707013,0.4463079540612154,0.4511646187679785,0.5130138001170691,-0.0017734390560770303,0.19130139777045255,0.19130139777045255,0.4235598014341318,0.33866785149311707,0.24956297159736332,0.5948019089808336,0.27947606934839175,0.17896499711819988,0.28350165176241693,0.1982137410006663,0.12677439933886275,0.569632783247694,-0.016639303415034234,0.31213472205173365,0.11373060158704967,0.040268835835539016,0.17124009854164174,0.48067370295376743,,0.06315792273814896,0.4125139813056312,0.25751910544730294,0.29353361047325305,0.2921126821506669,0.3346614766416093,0.4205710778222934,0.24632855398382367,-0.08500520682659843,0.30349036739823176,0.20932290428277908,0.28823617106491084,0.39018789721088504,0.2817374926899106,0.4700032477075086,0.5244163021413271,0.3125088049407988,0.39155300123888676,0.05401618540126862,0.05277930455091847,0.31975432593790337,0.5257565106122225,0.42094391319312935,-0.5226320226513613,0.19874326327018257,0.5704074795348966,0.41287172163548586,0.21534758118879138,0.3178925441480088,0.3558004805255649,0.21123535435546364,0.5249456584684521,0.07473872240193011,0.07100038642964221,0.5428638087911674,0.43956934399557157,0.28035745148927,0.26882260027205407,0.3674503694862889,0.5072035753086299,0.36698374746894846,0.05508937493175677,0.06793652031204216,0.6627571933370623,-0.3003336540804918
dim_10_beautiful,0.05118544819262371,0.2752377258042237,-0.1332194996416913,-0.022875551130185565,0.6206005293599834,0.5199963521612596,0.4443155483618581,0.6243034384078054,0.6243034384078054,0.5655758504163092,0.6321531073892849,1.0,0.19127579913969078,0.6063903602791768,0.08139651971883227,0.6366502741213528,0.3926142817873663,0.8203396115169183,0.6691794684491719,0.5598753338433833,0.38996428606689054,0.775718698028019,0.6469691917652981,0.6651835742132701,0.49726058705635334,0.30019175053823377,0.666549137157599,0.2560590846961465,0.12462643354917077,0.3055622474695817,0.5403259812724781,0.9437333774437451,-0.004653175688959066,0.589841962732518,0.6461519483339824,0.07575769964262409,0.2741167447142889,0.614386294003712,0.760185024457064,0.7067700746185401,0.7616206816399628,0.6095177077502658,0.7581892770398462,0.5819425089645327,0.6481466224028639,,0.5668689786225493,0.18183173499143318,0.48210772975080524,0.3487065121750669,0.2868555180645095,0.7843528492583078,0.6109763747549461,0.12462643354917077,0.2564034639572754,0.7605373423265565,0.7279411101894633,0.49442472865440823,0.5523764599658842,0.6945292199918667,0.777920707797417,0.4905682235048449,-0.06180828090484142,0.6176112514545318,0.6176112514545318,0.5412606194728078,0.4444626559112177,0.3846559714884012,0.7204869294058724,0.6000054197055182,0.4640421353668509,0.7293568859683296,0.181800565485177,0.33505007496160955,0.8256609843437464,-0.23739040234149586,0.7108026862138583,0.005742794045637626,0.479611179879618,0.27939350882510544,0.8702859952812807,,0.36095212470277804,0.7227440593716539,0.5795615487099971,0.3622214742457485,0.47926951709318577,0.5495287784924685,0.8932556266843311,0.5767503850510614,0.15061043441837071,0.619780932230251,0.4717233113532544,0.7061141513049203,0.7650199305336319,0.6563482606996358,0.7856929194752068,0.7346328681452099,0.7657029668419604,0.6760692393644707,0.3765746937958725,0.5107504017986169,0.6232437139776805,0.664202479636924,0.809041321301364,-0.664940610241781,0.6268638001894287,0.8248333263035317,0.69973882430939,0.48904529607943004,0.3049231287771769,0.6339328984764574,0.15060952788326273,0.45014933925237705,0.221018118534914,0.39682474388972316,0.8038808635784297,0.5242128004562638,0.33636111820763714,0.5425367942133753,0.7511217631930246,0.8073964975092459,0.06594479393465903,0.452212399204937,0.13458790283635555,0.894077024633908,-0.507117342079704
dim_11_below,0.042676127604234095,0.8976324362557059,-0.5834069931278256,-0.5913807758858508,0.2068643724344416,0.5821560874540357,-0.42790661803655367,-0.30931750151112264,-0.30931750151112264,0.5437597919840484,0.30514850023038254,0.19127579913969078,1.0,0.673678509907819,0.35044765657231686,0.4864229890917568,0.47440100293948784,0.5018519787163459,0.2255130040211532,0.7743299389091922,0.09540031581698522,0.5406412416593961,0.642327763222324,-0.22804346031320485,0.4880085569262825,0.34366313953122724,0.5032243753210794,0.6869814121396463,0.22765125188444268,0.6396816195334918,0.038888107337001286,0.13214343333410206,0.5240391181696538,0.7055579792800676,0.6769706285271804,-0.6996985668696111,0.5438047597860518,0.4413309391459432,0.4597571222855524,0.4641386820508228,0.3884556250638727,0.13328113728969404,-0.1642539819665527,0.048472070842245404,-0.005089699793486223,,0.6285129099309131,0.8431228279607345,0.3433441862711494,0.6479299138828366,-0.3239110906562461,0.5961428968407558,0.5779628192428072,0.22765125188444268,0.8315287177089451,0.40555669825059387,0.5225319277735015,0.6465975477143756,0.7107576703480425,0.18492505236601783,-0.07929483715542798,0.2036930605195194,0.5957006160485302,0.33298166833527504,0.33298166833527504,0.007678727980546973,-0.10695413477495663,0.7487398792850426,0.48220657534312544,0.2939619975467261,0.2989993811583115,0.2175522795960084,0.8024788932682497,-0.5327948938359163,0.1028917264681623,0.025368836074063483,0.17493464514418933,0.6606937020186289,0.4704131812652914,0.682672549242164,0.2009295871646002,,0.27677383852875664,0.0782687032567212,-0.3515284429703743,0.7898700755399626,0.6140058877191231,0.564362023992496,0.3520493518505589,0.28356942606493213,0.4229515444528686,0.33338082440601036,0.6953698355348243,0.2644792937913949,0.28137228979766976,0.17940036467570736,0.42568139751859796,0.4043305477989207,0.2659967122649669,0.3276636468362479,0.39816754705309143,0.19442171863564078,0.34142981846458387,0.11380996340635859,0.15561685906212727,-0.5169895631407982,0.42743057365251785,0.25662930589567023,0.5767692479238787,0.6798788011123678,0.8556540714934636,0.6845959942509866,0.6483862225678574,0.4705122247720585,0.4805398849047181,0.3199291731637187,0.3048101369130271,0.6125621344718163,0.8035584765028482,0.6014035607895534,0.14694526885426948,0.5230252667862926,0.6627072920463176,-0.14314416646434275,-0.6964085773805041,0.2986645116873224,-0.2728661717092092
dim_12_big,0.043927319798463066,0.753850862655263,-0.45367995168749137,-0.3545230723723451,0.6400144937219415,0.8343205540134765,-0.11492767742751707,0.1704989166539375,0.1704989166539375,0.680949711075366,0.4118030445090902,0.6063903602791768,0.673678509907819,1.0,0.38327184880584003,0.7920450441465312,0.7335062913255624,0.8097436006955437,0.49385208655193685,0.8630414605958393,0.5374983916316476,0.7270920850921287,0.8345784759118753,0.37938938625583934,0.7363054885172754,0.448617257661077,0.7468741447454089,0.7728846131814746,0.41978003956426524,0.7429776014549738,0.5207839544591348,0.5457120858342923,0.500545074360683,0.8884987348650738,0.8240921298331235,-0.4220305422025542,0.616491116721106,0.7943852759074405,0.785229517527058,0.7043412619423463,0.685051573690012,0.45592267034051065,0.431281209255989,0.3049519705018797,0.2386614848423571,,0.8458550909626068,0.646738957252067,0.5605197082338856,0.6413846582252788,0.05553240269960662,0.8050474155890882,0.8051908341662251,0.41978003956426524,0.8034695762317423,0.710610693578471,0.8319270783124603,0.8221702384511343,0.7907946035849827,0.6123136720688142,0.2790858095108449,0.4540215661895933,0.48945644145637573,0.764904864000671,0.764904864000671,0.3183031268715826,0.09036287496790654,0.8551707717410284,0.7854161481311709,0.6375366729239584,0.6890743413810879,0.5969550741257821,0.746057736120929,-0.12036232984360468,0.5273267513600243,-0.1779440799095146,0.6210429193557305,0.6119407976858646,0.6730970886272675,0.6241134205456784,0.5697585933669561,,0.63023249131891,0.4563102571066204,0.14093579906385695,0.856236277790215,0.8430913046634201,0.8261871089439671,0.7592876221662952,0.6746957162625108,0.5313748816824991,0.6930926913805586,0.8591195750226623,0.7761321165253786,0.7678971039532839,0.6637945212820865,0.8111332816725642,0.698198539909142,0.7001272182862087,0.7174292898022774,0.7456516645279981,0.6123415058289088,0.8132001562052912,0.5326227342740476,0.64270750671467,-0.7401710120986991,0.7839500472262807,0.5860936639295197,0.8032666867996895,0.8016720846544417,0.7344500994679038,0.7828580042535235,0.6138832883373062,0.6175362686693877,0.7224575760075191,0.6410101426200695,0.5641213735585637,0.7194369478167215,0.7848427321470803,0.854877422585213,0.6526226414125003,0.888935867777036,0.46809117944229106,0.24769177695571315,-0.43610331468198854,0.6520225598206846,-0.37172778743817403
dim_13_blue_collar,0.012577043084750621,0.40754478942727124,-0.37454403023921723,-0.25219547002816034,0.299061242451498,0.3827065693946806,-0.3186065422681455,-0.15565325460816853,-0.15565325460816853,0.3281907744407665,-0.021246572895479314,0.08139651971883227,0.35044765657231686,0.38327184880584003,1.0,0.32178533299724904,0.4534652786605056,0.25476769725890386,0.23912754935184485,0.3803806551983142,0.1650131489696952,0.3211747840760539,0.39782833320139943,-0.007246723168849219,0.2801757406384107,0.08925615751449002,0.2677591432567659,0.4244898672504914,0.1738746689460763,0.4751834716908872,0.20570029460929562,0.05983402289322905,0.4280923037464134,0.45765298433686274,0.3866035853203968,-0.32252674715601604,0.32722490044681024,0.43159594462584966,0.310885584192406,0.3898915253224841,0.3669253535050393,0.19516674924567476,0.0035455879353200885,0.08448386540436625,0.08281769599779545,,0.32467523053735825,0.3109714378177499,0.26387415185014457,0.44366504538523777,-0.019672060708078653,0.27210542598769194,0.36520352325949196,0.1738746689460763,0.5017817492703374,0.29967663219915247,0.3924353248241591,0.4092922451473055,0.4659544305050824,0.16031763947860306,-0.03422412386968403,0.25176987249868815,0.3142732230640948,0.2568249341580447,0.2568249341580447,-0.05871178589216782,-0.038480078592001754,0.4796299595538591,0.2585154457941848,0.33778771071190383,0.2509287073180899,0.3189382049537289,0.438636355486444,-0.1567488011300909,0.1207764204384714,-0.19468556169811652,0.23367021623798565,0.33653696874791506,0.3690921832185695,0.48441551271751543,0.21087540515828385,,0.3783429613144131,0.0603793284527851,-0.10462755883584964,0.40044523987386166,0.4126128096849733,0.36198478206566137,0.22314776645312517,0.36182196470898753,0.42901390782743043,0.402484489431098,0.44432159195605064,0.28179352083572845,0.31098285234182477,0.30903619709383073,0.286651563906667,0.2873376951324905,0.2851039159120187,0.15605527444318032,0.4068032480472562,0.31557448312774866,0.33778459114476245,0.03981963379776871,0.10687041230643586,-0.39401524406878846,0.3751371521004932,0.15660584944337985,0.3410157721936326,0.3995352630719846,0.4208078463991359,0.34977609469982185,0.3310045818877439,0.3320672766170067,0.3275554393426033,0.31113407864429565,0.1959909774616749,0.35306178413450123,0.44101267166864966,0.4023320927450646,0.23125128537890155,0.27741760034984736,0.3777920590737335,0.2693688909127197,-0.2433246954868296,0.2056384757851214,-0.009887957175448256
